-2.426837980747222900e-01 -5.846436619758605957e-01
5.330255627632141113e-01 6.294931173324584961e-01
4.801144599914550781e-01 5.426216721534729004e-01
5.571120977401733398e-01 5.050643086433410645e-01
5.278449654579162598e-01 6.158373951911926270e-01
1.496264040470123291e-01 6.848033070564270020e-01
5.204930305480957031e-01 5.354461073875427246e-01
4.901784658432006836e-01 6.085166335105895996e-01
5.207480192184448242e-01 5.490655899047851562e-01
4.417230486869812012e-01 3.914918303489685059e-01
5.220158696174621582e-01 6.338989734649658203e-01
4.887799918651580811e-01 4.895303547382354736e-01
4.042782187461853027e-01 4.162335991859436035e-01
5.147809386253356934e-01 7.352412939071655273e-01
3.997843563556671143e-01 4.559260904788970947e-01
-7.775217890739440918e-01 -8.599947094917297363e-01
4.819621443748474121e-01 5.363911390304565430e-01
5.021971464157104492e-01 5.470617413520812988e-01
5.110598206520080566e-01 4.732028245925903320e-01
4.749928414821624756e-01 5.007348060607910156e-01
4.836342856287956238e-02 7.948899269104003906e-01
1.520841568708419800e-01 6.709793210029602051e-01
4.800952076911926270e-01 5.049279928207397461e-01
3.334011733531951904e-01 3.120462000370025635e-01
7.997829318046569824e-01 2.731459438800811768e-01
5.095826983451843262e-01 5.631209015846252441e-01
4.772184491157531738e-01 5.174459815025329590e-01
-9.561983346939086914e-01 -7.784987688064575195e-01
4.508150517940521240e-01 6.156221628189086914e-01
5.063474178314208984e-01 5.117859244346618652e-01
4.347698688507080078e-01 4.536424279212951660e-01
4.391069710254669189e-01 4.767620265483856201e-01
4.731871783733367920e-01 5.722714066505432129e-01
4.645698070526123047e-01 5.077784061431884766e-01
4.189934432506561279e-01 4.231067001819610596e-01
4.508571922779083252e-01 5.866305828094482422e-01
9.925444424152374268e-02 5.487466454505920410e-01
4.536617994308471680e-01 4.717129766941070557e-01
4.802823066711425781e-01 5.133563280105590820e-01
5.280106067657470703e-01 5.892920494079589844e-01
5.260854363441467285e-01 4.849570095539093018e-01
3.829095065593719482e-01 4.300942122936248779e-01
-4.741039276123046875e-01 -3.603079915046691895e-01
4.566623270511627197e-01 6.053322553634643555e-01
5.094162225723266602e-01 5.312832593917846680e-01
5.089073777198791504e-01 5.926384925842285156e-01
5.007897019386291504e-01 5.018551349639892578e-01
4.922640621662139893e-01 4.876884520053863525e-01
4.757357239723205566e-01 5.888983011245727539e-01
5.135458707809448242e-01 5.502927303314208984e-01
4.628190696239471436e-01 5.296454429626464844e-01
4.309430420398712158e-01 4.826059341430664062e-01
5.037075877189636230e-01 5.411049723625183105e-01
4.093102812767028809e-01 5.110557079315185547e-01
5.147958397865295410e-01 5.687886476516723633e-01
5.199827551841735840e-01 4.991867840290069580e-01
4.898895025253295898e-01 5.443222522735595703e-01
4.913854897022247314e-01 4.952123165130615234e-01
4.676566720008850098e-01 4.997447133064270020e-01
4.916565120220184326e-01 4.816562235355377197e-01
5.370743274688720703e-01 4.862415790557861328e-01
5.599853992462158203e-01 4.622000753879547119e-01
4.841515421867370605e-01 5.161243677139282227e-01
4.602216482162475586e-01 5.038415193557739258e-01
4.675891101360321045e-01 5.677575469017028809e-01
4.828372299671173096e-01 5.803693532943725586e-01
4.809269309043884277e-01 5.927640795707702637e-01
4.479733109474182129e-01 4.569981396198272705e-01
1.259741634130477905e-01 7.742680311203002930e-01
5.582147836685180664e-01 4.960184097290039062e-01
5.145627260208129883e-01 6.581641435623168945e-01
4.789010584354400635e-01 6.380258202552795410e-01
4.831458330154418945e-01 5.372816324234008789e-01
-8.532123267650604248e-02 -9.363121539354324341e-02
5.188220739364624023e-01 5.447025895118713379e-01
4.227742850780487061e-01 4.731355309486389160e-01
5.415707230567932129e-01 6.242741942405700684e-01
5.727321505546569824e-01 4.751184284687042236e-01
4.855410754680633545e-01 5.694113373756408691e-01
5.420812368392944336e-01 4.759502708911895752e-01
5.049755573272705078e-01 5.727898478507995605e-01
5.003955960273742676e-01 5.470468997955322266e-01
-1.225763112306594849e-01 -1.921778172254562378e-01
4.664262831211090088e-01 5.035392642021179199e-01
4.113790094852447510e-01 5.016145706176757812e-01
4.853869676589965820e-01 5.061352849006652832e-01
5.285183787345886230e-01 5.820768475532531738e-01
4.813479781150817871e-01 6.058470010757446289e-01
5.133097171783447266e-01 5.785341858863830566e-01
5.154953598976135254e-01 6.701478362083435059e-01
4.135144650936126709e-01 5.035124421119689941e-01
4.439642131328582764e-01 4.419277310371398926e-01
-7.138903141021728516e-01 -8.565672039985656738e-01
5.148558020591735840e-01 5.818806290626525879e-01
5.064575672149658203e-01 5.575521588325500488e-01
-6.035489439964294434e-01 -7.844066023826599121e-01
4.902160167694091797e-01 5.042735934257507324e-01
4.429949820041656494e-01 4.651831388473510742e-01
5.129584074020385742e-01 5.259433388710021973e-01
3.589236140251159668e-01 5.107460021972656250e-01
4.270750284194946289e-01 5.275906920433044434e-01
4.178769588470458984e-01 4.966679811477661133e-01
4.876177608966827393e-01 5.778051614761352539e-01
5.180900096893310547e-01 4.729144573211669922e-01
4.876141548156738281e-01 6.632055044174194336e-01
4.755753278732299805e-01 5.627576112747192383e-01
4.520031511783599854e-01 4.782348871231079102e-01
4.743559062480926514e-01 5.513623356819152832e-01
5.165797472000122070e-01 6.058275103569030762e-01
4.414409399032592773e-01 6.246872544288635254e-01
4.142021834850311279e-01 4.771005809307098389e-01
-1.061677709221839905e-01 2.187561839818954468e-01
4.957119822502136230e-01 4.884775578975677490e-01
5.127635002136230469e-01 5.592711567878723145e-01
5.240011215209960938e-01 4.764446318149566650e-01
4.461364746093750000e-01 5.622390508651733398e-01
4.973412752151489258e-01 5.787886977195739746e-01
5.152238607406616211e-01 5.496247410774230957e-01
4.019625484943389893e-01 5.009014010429382324e-01
5.209053754806518555e-01 5.043606758117675781e-01
4.974900782108306885e-01 4.910601675510406494e-01
5.143017172813415527e-01 4.864400029182434082e-01
4.565345942974090576e-01 5.175079107284545898e-01
-1.534778028726577759e-01 -3.000875711441040039e-01
5.029616951942443848e-01 5.718694925308227539e-01
4.789064824581146240e-01 5.531039834022521973e-01
4.477945268154144287e-01 4.972403645515441895e-01
9.789475053548812866e-02 4.437336325645446777e-01
4.002895653247833252e-01 5.077516436576843262e-01
4.813477396965026855e-01 5.009295940399169922e-01
5.077921152114868164e-01 5.211371779441833496e-01
1.118595078587532043e-01 7.806940078735351562e-01
4.911576807498931885e-01 4.753403067588806152e-01
5.038063526153564453e-01 5.047546029090881348e-01
1.408895999193191528e-01 7.240402102470397949e-01
5.189246535301208496e-01 5.414535403251647949e-01
4.257428944110870361e-01 4.535866677761077881e-01
-2.349690794944763184e-01 -2.084668576717376709e-01
-8.130928874015808105e-01 -4.277966320514678955e-01
4.856748580932617188e-01 5.375736355781555176e-01
5.066514387726783752e-02 7.791494727134704590e-01
5.281254649162292480e-01 6.436857581138610840e-01
4.421620368957519531e-01 4.479689896106719971e-01
4.574481844902038574e-01 4.795411229133605957e-01
4.689400196075439453e-01 5.125283598899841309e-01
5.250274538993835449e-01 5.121154785156250000e-01
4.000451564788818359e-01 4.599072635173797607e-01
4.601984024047851562e-01 5.097622275352478027e-01
5.045813322067260742e-01 5.226055383682250977e-01
4.884040951728820801e-01 5.401660799980163574e-01
4.837467372417449951e-01 4.860273897647857666e-01
5.627401471138000488e-01 4.692292213439941406e-01
5.024563670158386230e-01 5.071243643760681152e-01
4.739471673965454102e-01 4.944853484630584717e-01
4.823694825172424316e-01 5.404100418090820312e-01
3.847787380218505859e-01 5.146789550781250000e-01
5.328947305679321289e-01 6.341890096664428711e-01
4.156157076358795166e-01 4.072765707969665527e-01
4.103027582168579102e-01 4.524803161621093750e-01
4.885355830192565918e-01 5.468518733978271484e-01
5.158539414405822754e-01 5.366985201835632324e-01
4.788875877857208252e-01 5.426360368728637695e-01
4.580545425415039062e-01 5.033178925514221191e-01
-8.272904753684997559e-01 -6.090996265411376953e-01
4.992149472236633301e-01 5.773170590400695801e-01
4.712658226490020752e-01 5.012635588645935059e-01
4.629423618316650391e-01 4.976414144039154053e-01
4.587556421756744385e-01 4.819545745849609375e-01
3.827003538608551025e-01 4.505849480628967285e-01
4.075330197811126709e-01 4.888279139995574951e-01
3.971275687217712402e-01 5.236665606498718262e-01
5.292695164680480957e-01 4.413408935070037842e-01
4.682103991508483887e-01 4.926684796810150146e-01
4.982274174690246582e-01 5.930163860321044922e-01
-8.170889616012573242e-01 -5.277386307716369629e-01
5.005138516426086426e-01 4.916450679302215576e-01
5.054783225059509277e-01 6.449179649353027344e-01
4.678971171379089355e-01 5.118778944015502930e-01
4.927466213703155518e-01 4.868160188198089600e-01
4.960214197635650635e-01 5.730674862861633301e-01
-7.581076622009277344e-01 -5.815439224243164062e-01
4.375416338443756104e-01 4.912933707237243652e-01
5.381689071655273438e-01 4.650958478450775146e-01
4.767703115940093994e-01 4.804665148258209229e-01
4.268708229064941406e-01 4.535337090492248535e-01
5.682981610298156738e-01 5.154511928558349609e-01
5.029189586639404297e-01 4.992168843746185303e-01
5.205895900726318359e-01 5.049753189086914062e-01
5.229272842407226562e-01 5.258527994155883789e-01
4.924780130386352539e-01 4.854346513748168945e-01
5.317527055740356445e-01 4.995130598545074463e-01
5.093291401863098145e-01 6.307762265205383301e-01
-7.165548205375671387e-01 -4.641258418560028076e-01
4.276669025421142578e-01 4.616379141807556152e-01
4.221077263355255127e-01 4.985094070434570312e-01
4.410377144813537598e-01 4.399704933166503906e-01
5.084155201911926270e-01 5.929135680198669434e-01
4.072015583515167236e-01 4.612003862857818604e-01
4.408590495586395264e-01 4.479545354843139648e-01
5.410156846046447754e-01 4.829879701137542725e-01
5.221384167671203613e-01 5.178160071372985840e-01
5.552280545234680176e-01 4.998482465744018555e-01
4.717747569084167480e-01 5.601989626884460449e-01
4.877671897411346436e-01 5.439316630363464355e-01
4.995570182800292969e-01 5.628434419631958008e-01
4.762091338634490967e-01 5.544208884239196777e-01
5.900614261627197266e-01 4.651068150997161865e-01
-4.374892637133598328e-02 6.253534555435180664e-01
4.569411873817443848e-01 4.794169962406158447e-01
4.978427290916442871e-01 5.852195620536804199e-01
4.351811707019805908e-01 4.948176443576812744e-01
-8.077894449234008789e-01 -8.779247403144836426e-01
5.041704177856445312e-01 5.345409512519836426e-01
4.330094754695892334e-01 4.550302922725677490e-01
4.637300074100494385e-01 5.664824843406677246e-01
1.743633598089218140e-01 5.876222848892211914e-01
5.152140259742736816e-01 5.371297001838684082e-01
5.043159723281860352e-01 5.972958207130432129e-01
5.039675831794738770e-01 5.678267478942871094e-01
4.040422439575195312e-01 5.246692299842834473e-01
4.826982915401458740e-01 4.872566759586334229e-01
5.030336976051330566e-01 5.693749785423278809e-01
4.848001301288604736e-01 6.273902654647827148e-01
4.911895990371704102e-01 4.813050031661987305e-01
4.804452061653137207e-01 5.027387142181396484e-01
5.154674649238586426e-01 5.757274031639099121e-01
4.295907914638519287e-01 4.909124374389648438e-01
4.289260804653167725e-01 4.745025634765625000e-01
5.302270650863647461e-01 5.187979936599731445e-01
4.349715411663055420e-01 4.820376336574554443e-01
5.272776484489440918e-01 5.082438588142395020e-01
5.258120894432067871e-01 5.454478859901428223e-01
5.016695857048034668e-01 4.780954718589782715e-01
4.565587937831878662e-01 6.155206561088562012e-01
4.195392131805419922e-01 4.866488873958587646e-01
5.065686106681823730e-01 6.097590923309326172e-01
5.024445056915283203e-01 4.852220118045806885e-01
5.004875659942626953e-01 4.851418435573577881e-01
5.088458657264709473e-01 5.776634216308593750e-01
5.297594666481018066e-01 5.728839635848999023e-01
5.213398933410644531e-01 5.572785139083862305e-01
4.710274338722229004e-01 4.983788728713989258e-01
4.476075470447540283e-01 4.936649203300476074e-01
3.990933895111083984e-01 4.810518026351928711e-01
4.813945889472961426e-01 4.695352911949157715e-01
5.057757496833801270e-01 5.334715247154235840e-01
4.985883831977844238e-01 5.196071863174438477e-01
4.718790054321289062e-01 5.438637733459472656e-01
5.099641680717468262e-01 5.305898785591125488e-01
3.332029879093170166e-01 2.468623220920562744e-01
4.323684573173522949e-01 5.979178547859191895e-01
-1.027711257338523865e-01 2.784619107842445374e-02
5.165162682533264160e-01 5.169773101806640625e-01
4.878093302249908447e-01 5.873295068740844727e-01
-5.024308562278747559e-01 -7.442714571952819824e-01
4.964011609554290771e-01 5.151144266128540039e-01
5.030210614204406738e-01 5.414808988571166992e-01
4.945516884326934814e-01 5.486024022102355957e-01
5.156990885734558105e-01 5.275935530662536621e-01
4.717437028884887695e-01 5.895366668701171875e-01
-3.097668662667274475e-02 2.123880386352539062e-01
4.961598813533782959e-01 5.593771338462829590e-01
4.387510716915130615e-01 5.141070485115051270e-01
5.068159103393554688e-01 5.080211162567138672e-01
4.256708920001983643e-01 5.063275694847106934e-01
1.028803288936614990e-01 8.332045078277587891e-01
5.237133502960205078e-01 4.669909775257110596e-01
4.863819777965545654e-01 6.181267499923706055e-01
1.418460719287395477e-02 8.010889291763305664e-01
-6.519836932420730591e-02 5.087605118751525879e-01
5.157361626625061035e-01 5.458002686500549316e-01
-1.075239107012748718e-01 5.000969171524047852e-01
5.119151473045349121e-01 5.250331163406372070e-01
5.087512135505676270e-01 5.805585980415344238e-01
5.164971351623535156e-01 5.186072587966918945e-01
4.411693215370178223e-01 5.031110048294067383e-01
4.420902729034423828e-01 4.486247003078460693e-01
4.947658777236938477e-01 6.192743778228759766e-01
4.631373882293701172e-01 4.613041579723358154e-01
5.314624309539794922e-01 5.562859177589416504e-01
-8.636463433504104614e-02 7.223343849182128906e-01
4.784768819808959961e-01 5.234379172325134277e-01
2.652081288397312164e-02 4.269922971725463867e-01
5.090872645378112793e-01 5.341873168945312500e-01
4.212040007114410400e-01 4.690361022949218750e-01
5.126343965530395508e-01 5.267182588577270508e-01
5.363013148307800293e-01 4.934542179107666016e-01
3.957934081554412842e-01 4.824035465717315674e-01
5.038441419601440430e-01 5.804916620254516602e-01
5.151883363723754883e-01 5.929833054542541504e-01
3.910667002201080322e-01 4.613517224788665771e-01
4.483294785022735596e-01 5.154445767402648926e-01
4.527323246002197266e-01 5.897096991539001465e-01
3.635073006153106689e-01 3.265843987464904785e-01
4.967379271984100342e-01 5.049704909324645996e-01
4.660337865352630615e-01 4.322030246257781982e-01
3.862767815589904785e-01 4.799473583698272705e-01
5.256568789482116699e-01 5.858112573623657227e-01
4.980323612689971924e-01 4.971342980861663818e-01
4.559808671474456787e-01 4.631504118442535400e-01
4.040596783161163330e-01 3.992879390716552734e-01
5.086486339569091797e-01 5.024734735488891602e-01
4.979472458362579346e-01 5.924075245857238770e-01
5.513394474983215332e-01 4.561603665351867676e-01
3.923486173152923584e-01 3.507347702980041504e-01
4.925347268581390381e-01 5.036930441856384277e-01
4.563520550727844238e-01 5.175198316574096680e-01
4.228567481040954590e-01 4.465651214122772217e-01
-6.512035727500915527e-01 -7.870297431945800781e-01
4.865212738513946533e-01 6.310877203941345215e-01
4.818354845046997070e-01 6.080787777900695801e-01
2.909985780715942383e-01 3.047929704189300537e-01
5.148500204086303711e-01 5.343425273895263672e-01
4.718402624130249023e-01 4.679388701915740967e-01
4.814485311508178711e-01 5.551312565803527832e-01
4.214358925819396973e-01 5.138083100318908691e-01
4.437052309513092041e-01 5.024818181991577148e-01
5.452542901039123535e-01 4.700142443180084229e-01
4.752364158630371094e-01 5.699672698974609375e-01
4.683881103992462158e-01 5.570594072341918945e-01
3.871182501316070557e-01 4.689808487892150879e-01
5.587451457977294922e-01 4.587422609329223633e-01
4.319533109664916992e-01 4.991682469844818115e-01
4.079216718673706055e-01 4.132384955883026123e-01
4.824158251285552979e-01 5.145237445831298828e-01
4.972344636917114258e-01 5.477831959724426270e-01
4.545866250991821289e-01 5.620996356010437012e-01
4.644986689090728760e-01 5.858324170112609863e-01
5.171203017234802246e-01 5.238599181175231934e-01
4.846887588500976562e-01 4.954230189323425293e-01
4.260978400707244873e-01 4.984513521194458008e-01
4.941108822822570801e-01 6.055645346641540527e-01
4.308972656726837158e-01 4.733081758022308350e-01
-5.713657736778259277e-01 -7.825890183448791504e-01
5.075442194938659668e-01 5.736411809921264648e-01
9.651095271110534668e-01 2.938990592956542969e-01
4.919275343418121338e-01 5.619970560073852539e-01
4.598185420036315918e-01 4.555860757827758789e-01
4.888541698455810547e-01 5.751760601997375488e-01
4.163491725921630859e-01 4.947059154510498047e-01
4.048071503639221191e-01 3.805371224880218506e-01
5.154075026512145996e-01 5.136539936065673828e-01
-5.363962650299072266e-01 -7.538076043128967285e-01
-2.505002617835998535e-01 -4.323743581771850586e-01
5.024383068084716797e-01 5.325192809104919434e-01
3.799937367439270020e-01 3.534994125366210938e-01
5.107444524765014648e-01 5.337848067283630371e-01
3.690985143184661865e-01 5.450246930122375488e-01
4.319630861282348633e-01 5.047876238822937012e-01
3.953577876091003418e-01 5.263654589653015137e-01
4.950754344463348389e-01 5.961190462112426758e-01
5.234295725822448730e-01 5.190561413764953613e-01
3.767459094524383545e-01 4.743089675903320312e-01
4.745143651962280273e-01 5.784745812416076660e-01
4.770503938198089600e-01 5.877665281295776367e-01
4.590170085430145264e-01 2.667481899261474609e-01
4.187083244323730469e-01 4.748955667018890381e-01
4.331278502941131592e-01 5.053204894065856934e-01
4.940584003925323486e-01 5.044422745704650879e-01
1.680697351694107056e-01 4.934030473232269287e-01
4.926236867904663086e-01 4.783065319061279297e-01
4.741005599498748779e-01 5.268334746360778809e-01
4.869236648082733154e-01 5.116801261901855469e-01
4.371336996555328369e-01 4.457791447639465332e-01
5.244533419609069824e-01 5.383222699165344238e-01
4.418913722038269043e-01 5.281310081481933594e-01
5.233246088027954102e-01 5.153504014015197754e-01
4.409354925155639648e-01 4.260229468345642090e-01
4.987412989139556885e-01 5.188364982604980469e-01
5.025247931480407715e-01 5.411432981491088867e-01
5.334643125534057617e-01 5.015504956245422363e-01
5.161869525909423828e-01 5.187488794326782227e-01
5.090941190719604492e-01 5.051664113998413086e-01
1.693385243415832520e-01 4.405183196067810059e-01
-1.051742210984230042e-01 8.012014627456665039e-01
5.280742049217224121e-01 5.266259908676147461e-01
3.861909210681915283e-01 5.284839272499084473e-01
4.657660126686096191e-01 5.012177228927612305e-01
4.040952026844024658e-01 4.245612919330596924e-01
5.058057308197021484e-01 5.647633671760559082e-01
4.947285652160644531e-01 5.312092304229736328e-01
8.924258500337600708e-02 7.772108912467956543e-01
5.022295713424682617e-01 5.571143031120300293e-01
3.926522731781005859e-01 5.125175118446350098e-01
5.034673810005187988e-01 4.969994425773620605e-01
5.078366398811340332e-01 5.721625089645385742e-01
5.615207552909851074e-01 5.611749291419982910e-01
4.332455992698669434e-01 4.664932191371917725e-01
4.098726809024810791e-01 4.898737370967864990e-01
4.277302324771881104e-01 4.717253744602203369e-01
4.824366569519042969e-01 5.260959863662719727e-01
5.097230076789855957e-01 5.523863434791564941e-01
5.400277376174926758e-01 4.928058683872222900e-01
5.008794069290161133e-01 6.120620965957641602e-01
5.081547498703002930e-01 5.520083308219909668e-01
4.169959723949432373e-01 4.746646285057067871e-01
-1.996315121650695801e-01 3.923194706439971924e-01
4.034433662891387939e-01 4.913049340248107910e-01
4.609994292259216309e-01 4.702991247177124023e-01
4.940864443778991699e-01 4.958319067955017090e-01
4.996951222419738770e-01 5.218951702117919922e-01
4.390707314014434814e-01 5.139645934104919434e-01
5.036448836326599121e-01 5.283349752426147461e-01
5.054743885993957520e-01 6.349892020225524902e-01
-1.730420626699924469e-02 4.389499723911285400e-01
4.530973732471466064e-01 5.240535140037536621e-01
4.239123165607452393e-01 5.258647203445434570e-01
4.231974780559539795e-01 4.947697222232818604e-01
5.093643069267272949e-01 5.301805138587951660e-01
9.366145133972167969e-01 2.545849978923797607e-01
4.633157253265380859e-01 4.901676177978515625e-01
4.534412324428558350e-01 5.307171344757080078e-01
5.177752971649169922e-01 6.179242134094238281e-01
4.213455915451049805e-01 4.648418128490447998e-01
5.041792392730712891e-01 5.260131955146789551e-01
3.761758208274841309e-01 5.038031935691833496e-01
4.574272334575653076e-01 5.167792439460754395e-01
1.434655934572219849e-01 5.424494147300720215e-01
4.512855708599090576e-01 4.334175288677215576e-01
3.789793550968170166e-01 5.360792279243469238e-01
4.768296778202056885e-01 5.109568238258361816e-01
5.301785469055175781e-01 4.867298007011413574e-01
5.325003862380981445e-01 6.926827430725097656e-01
4.207334816455841064e-01 3.987094163894653320e-01
5.091434717178344727e-01 5.739721655845642090e-01
4.253727793693542480e-01 4.600859582424163818e-01
3.788542747497558594e-01 5.265997648239135742e-01
-1.023477390408515930e-01 5.717486143112182617e-01
5.122236013412475586e-01 4.828997254371643066e-01
3.847250342369079590e-01 5.481516122817993164e-01
3.343471586704254150e-01 5.274295806884765625e-01
4.731634557247161865e-01 6.032114028930664062e-01
5.451454520225524902e-01 5.706182718276977539e-01
5.086748600006103516e-01 5.325846672058105469e-01
4.901137948036193848e-01 5.912972092628479004e-01
4.807812571525573730e-01 5.970670580863952637e-01
4.877020418643951416e-01 5.346189737319946289e-01
5.018209218978881836e-01 4.673200249671936035e-01
4.556838274002075195e-01 4.896174073219299316e-01
5.167911648750305176e-01 4.940758645534515381e-01
4.430367350578308105e-01 4.895208179950714111e-01
4.407819807529449463e-01 5.245275497436523438e-01
4.640429317951202393e-01 6.273277997970581055e-01
4.875429868698120117e-01 5.904219150543212891e-01
5.100042223930358887e-01 5.149510502815246582e-01
4.593808650970458984e-01 4.789483845233917236e-01
5.374069809913635254e-01 6.381942629814147949e-01
4.415128231048583984e-01 5.976257324218750000e-01
4.906836748123168945e-01 5.350071787834167480e-01
5.229747295379638672e-01 4.849449694156646729e-01
4.760347902774810791e-01 5.404391884803771973e-01
4.887285828590393066e-01 5.163742899894714355e-01
3.705216348171234131e-01 5.407006740570068359e-01
4.998404383659362793e-01 5.422981977462768555e-01
4.232501089572906494e-01 4.960768222808837891e-01
4.624926447868347168e-01 5.045576691627502441e-01
4.972836971282958984e-01 5.385912656784057617e-01
4.732853174209594727e-01 5.813866257667541504e-01
4.167244732379913330e-01 3.910523653030395508e-01
4.498718082904815674e-01 5.508387088775634766e-01
4.111881852149963379e-01 4.966691732406616211e-01
9.791124612092971802e-02 7.602858543395996094e-01
5.542754530906677246e-01 5.596950650215148926e-01
4.877272248268127441e-01 5.096032023429870605e-01
4.125496745109558105e-01 5.086721181869506836e-01
4.327925145626068115e-01 4.518232941627502441e-01
4.221224188804626465e-01 4.910074174404144287e-01
5.616861581802368164e-01 4.546577632427215576e-01
4.471186101436614990e-01 4.693803191184997559e-01
4.491004049777984619e-01 4.981684088706970215e-01
5.352303981781005859e-01 5.358045697212219238e-01
4.219615757465362549e-01 4.016594886779785156e-01
4.039107561111450195e-01 5.305634737014770508e-01
4.291548430919647217e-01 5.523782968521118164e-01
4.460447430610656738e-01 4.460622072219848633e-01
4.952247142791748047e-01 5.004189610481262207e-01
4.343898892402648926e-01 4.941576123237609863e-01
4.629436731338500977e-01 5.476799011230468750e-01
4.691892564296722412e-01 5.533258318901062012e-01
4.872297048568725586e-01 4.950734972953796387e-01
5.180491209030151367e-01 6.168125271797180176e-01
4.658784568309783936e-01 5.724800229072570801e-01
3.943573832511901855e-01 4.644300341606140137e-01
4.407410621643066406e-01 4.324550330638885498e-01
5.263276696205139160e-01 4.738489091396331787e-01
4.980067312717437744e-01 5.597224235534667969e-01
4.130540490150451660e-01 5.153063535690307617e-01
1.051986590027809143e-01 5.487943291664123535e-01
-7.778434157371520996e-01 -3.723984062671661377e-01
5.480428934097290039e-01 4.635854065418243408e-01
5.264428853988647461e-01 6.288877129554748535e-01
4.642006754875183105e-01 6.860393881797790527e-01
-1.531595289707183838e-01 4.855659008026123047e-01
3.863607943058013916e-01 5.382184982299804688e-01
4.797917902469635010e-01 2.774271667003631592e-01
5.097492337226867676e-01 5.794543027877807617e-01
-5.646156519651412964e-02 2.092550694942474365e-01
4.822217524051666260e-01 4.896925389766693115e-01
-3.590244650840759277e-01 -4.084354341030120850e-01
3.865870535373687744e-01 5.279831886291503906e-01
-1.653169393539428711e-01 -3.728663325309753418e-01
5.391436815261840820e-01 6.151860356330871582e-01
1.302583962678909302e-01 6.238920092582702637e-01
-2.877996303141117096e-02 7.344588041305541992e-01
1.425034701824188232e-01 4.828731119632720947e-01
4.819992482662200928e-01 6.076908111572265625e-01
5.257463455200195312e-01 5.226739645004272461e-01
4.193518757820129395e-01 5.140864253044128418e-01
4.856821894645690918e-01 4.971093833446502686e-01
5.106874108314514160e-01 5.162202119827270508e-01
4.214342236518859863e-01 4.639673233032226562e-01
4.446032941341400146e-01 4.810431301593780518e-01
5.276341438293457031e-01 5.558482408523559570e-01
4.239701032638549805e-01 5.004550814628601074e-01
5.144255161285400391e-01 5.545880198478698730e-01
4.887992739677429199e-01 5.938733220100402832e-01
4.356466233730316162e-01 4.638355970382690430e-01
4.625896811485290527e-01 5.353149175643920898e-01
4.308900535106658936e-01 4.822309017181396484e-01
3.481728732585906982e-01 4.675468504428863525e-01
4.268865883350372314e-01 4.654746353626251221e-01
1.560706496238708496e-01 4.984487295150756836e-01
4.683257341384887695e-01 4.244117438793182373e-01
4.615709781646728516e-01 4.468538463115692139e-01
4.056758284568786621e-01 5.221487879753112793e-01
1.777277290821075439e-01 6.103692650794982910e-01
4.497800767421722412e-01 6.637364625930786133e-01
5.090854763984680176e-01 6.142557263374328613e-01
4.526785016059875488e-01 5.142294764518737793e-01
-6.869386136531829834e-02 5.005831718444824219e-01
4.585326611995697021e-01 5.461071729660034180e-01
4.349945485591888428e-01 4.307946860790252686e-01
5.056374073028564453e-01 5.214215517044067383e-01
5.018381476402282715e-01 5.953285098075866699e-01
4.931890964508056641e-01 4.895358681678771973e-01
4.165904521942138672e-01 4.646438658237457275e-01
5.214020609855651855e-01 5.858596563339233398e-01
5.541378259658813477e-01 4.968122243881225586e-01
4.019713401794433594e-01 3.956703543663024902e-01
5.711552500724792480e-01 5.103120803833007812e-01
1.892551928758621216e-01 4.918451905250549316e-01
4.157509207725524902e-01 4.072049260139465332e-01
3.981204032897949219e-01 5.019578337669372559e-01
4.822739958763122559e-01 4.914943277835845947e-01
4.617668688297271729e-01 4.928587079048156738e-01
4.217467606067657471e-01 5.017269849777221680e-01
4.060171842575073242e-01 5.035589337348937988e-01
5.804381966590881348e-01 2.774582505226135254e-01
3.717124164104461670e-01 4.975099563598632812e-01
4.815282225608825684e-01 4.841901957988739014e-01
5.048952698707580566e-01 4.804455637931823730e-01
4.137411713600158691e-01 4.855397641658782959e-01
4.959506392478942871e-01 5.409120917320251465e-01
5.031356811523437500e-01 4.981411993503570557e-01
5.273411870002746582e-01 5.080201625823974609e-01
5.049741268157958984e-01 5.334069132804870605e-01
5.103536248207092285e-01 5.449751615524291992e-01
1.738952398300170898e-01 4.953157603740692139e-01
4.297074675559997559e-01 4.081823527812957764e-01
4.795011579990386963e-01 4.727862477302551270e-01
4.903810918331146240e-01 4.881857037544250488e-01
-1.842444539070129395e-01 7.711337804794311523e-01
4.464957714080810547e-01 6.087604761123657227e-01
5.536096692085266113e-01 6.011027097702026367e-01
4.366618692874908447e-01 4.691362679004669189e-01
5.077974200248718262e-01 5.459482669830322266e-01
6.585180163383483887e-01 2.858068645000457764e-01
5.039604306221008301e-01 4.753077030181884766e-01
4.324826002120971680e-01 4.177074432373046875e-01
1.854692995548248291e-01 4.124122858047485352e-01
4.125384688377380371e-01 4.986062049865722656e-01
4.756969511508941650e-01 4.853613376617431641e-01
5.486435890197753906e-01 4.489943385124206543e-01
8.098582178354263306e-02 7.874854803085327148e-01
4.586704969406127930e-01 4.978600740432739258e-01
5.005607008934020996e-01 5.795378684997558594e-01
4.709560275077819824e-01 5.376499891281127930e-01
4.083422422409057617e-01 4.133352935314178467e-01
4.715781509876251221e-01 5.219358801841735840e-01
3.996133804321289062e-01 5.303409695625305176e-01
5.264155268669128418e-01 6.089460253715515137e-01
3.615219891071319580e-01 3.238967061042785645e-01
4.394393861293792725e-01 4.918637275695800781e-01
-1.076166182756423950e-01 8.075549453496932983e-02
-2.377930879592895508e-01 5.892723202705383301e-01
5.521274805068969727e-01 6.184501051902770996e-01
5.359346270561218262e-01 4.935565590858459473e-01
5.215734839439392090e-01 5.076156854629516602e-01
4.972596168518066406e-01 6.154503226280212402e-01
5.190604925155639648e-01 6.824568510055541992e-01
4.490607976913452148e-01 4.480744600296020508e-01
5.519743561744689941e-01 5.176053047180175781e-01
5.159708261489868164e-01 4.830557703971862793e-01
3.933089375495910645e-01 5.310575962066650391e-01
3.649240732192993164e-01 2.549669146537780762e-01
4.182463586330413818e-01 5.536739230155944824e-01
-6.101120710372924805e-01 -8.023234009742736816e-01
4.544441699981689453e-01 4.620891809463500977e-01
4.120625257492065430e-01 3.858153820037841797e-01
4.815557897090911865e-01 6.028094887733459473e-01
4.807444214820861816e-01 5.915473699569702148e-01
3.950906395912170410e-01 3.892580270767211914e-01
-9.719202667474746704e-02 4.702834486961364746e-01
5.052942633628845215e-01 5.983107089996337891e-01
4.870854616165161133e-01 5.000637769699096680e-01
4.384946078062057495e-02 7.959134578704833984e-01
5.087504982948303223e-01 5.978246331214904785e-01
4.717300832271575928e-01 6.488642096519470215e-01
5.186569094657897949e-01 5.920504331588745117e-01
5.275229811668395996e-01 5.810170769691467285e-01
5.003998279571533203e-01 5.303708314895629883e-01
1.571843624114990234e-01 7.223414778709411621e-01
4.241562485694885254e-01 4.858626723289489746e-01
3.881768286228179932e-01 5.258732438087463379e-01
-2.857478857040405273e-01 -4.591330289840698242e-01
4.767186641693115234e-01 5.307772159576416016e-01
5.251832604408264160e-01 5.021718740463256836e-01
4.815409779548645020e-01 6.571750640869140625e-01
-5.690572783350944519e-02 1.083461940288543701e-01
4.503919482231140137e-01 6.248123645782470703e-01
4.615614712238311768e-01 5.140746235847473145e-01
5.181049704551696777e-01 4.896455705165863037e-01
4.970578253269195557e-01 5.496454238891601562e-01
5.100595951080322266e-01 5.028749108314514160e-01
3.738237619400024414e-01 4.930354654788970947e-01
4.970839619636535645e-01 5.618307590484619141e-01
4.545074999332427979e-01 4.604445099830627441e-01
4.843158721923828125e-01 4.934102892875671387e-01
4.871172606945037842e-01 5.745661258697509766e-01
3.512600660324096680e-01 5.077773928642272949e-01
4.084075093269348145e-01 5.152701139450073242e-01
5.081735253334045410e-01 6.180968880653381348e-01
4.039055705070495605e-01 4.574745595455169678e-01
4.630927145481109619e-01 4.423657655715942383e-01
4.923005402088165283e-01 5.277088880538940430e-01
4.313026666641235352e-01 4.425410628318786621e-01
5.756091475486755371e-01 4.769543111324310303e-01
6.649094223976135254e-01 3.013315498828887939e-01
4.977313578128814697e-01 5.528988242149353027e-01
4.317674338817596436e-01 4.758662283420562744e-01
4.752331674098968506e-01 6.121008992195129395e-01
4.490215480327606201e-01 5.116926431655883789e-01
-8.380670845508575439e-02 -5.962065607309341431e-02
4.699019193649291992e-01 6.161832213401794434e-01
3.910417854785919189e-01 4.503960311412811279e-01
-6.878374218940734863e-01 -8.212460279464721680e-01
4.748968780040740967e-01 4.932984113693237305e-01
5.030340552330017090e-01 5.401516556739807129e-01
4.971004724502563477e-01 5.316578149795532227e-01
1.073214560747146606e-01 7.408728003501892090e-01
4.668727219104766846e-01 4.900573492050170898e-01
5.151975154876708984e-01 5.392219424247741699e-01
5.031862854957580566e-01 6.777894496917724609e-01
5.068806409835815430e-01 5.524637699127197266e-01
4.445064961910247803e-01 5.029430389404296875e-01
4.515606760978698730e-01 5.600506663322448730e-01
-6.901836395263671875e-01 -5.583995580673217773e-01
4.896377325057983398e-01 5.754013061523437500e-01
5.123134255409240723e-01 6.062782406806945801e-01
5.141720771789550781e-01 5.074988007545471191e-01
4.819827377796173096e-01 4.951728284358978271e-01
4.648008644580841064e-01 5.205334424972534180e-01
4.896923899650573730e-01 5.368083715438842773e-01
4.860141277313232422e-01 6.018499135971069336e-01
-3.009059280157089233e-02 2.187823206186294556e-01
4.639270007610321045e-01 6.898878812789916992e-01
3.905595541000366211e-01 5.252075791358947754e-01
4.281190037727355957e-01 5.073781609535217285e-01
3.767300248146057129e-01 3.418711721897125244e-01
5.150269269943237305e-01 6.247153282165527344e-01
4.414307177066802979e-01 4.640813469886779785e-01
5.032361149787902832e-01 5.529250502586364746e-01
4.797330498695373535e-01 4.868204593658447266e-01
4.729697406291961670e-01 5.002135634422302246e-01
-7.656462490558624268e-02 2.291013151407241821e-01
5.086078047752380371e-01 5.058707594871520996e-01
4.520669579505920410e-01 5.388239026069641113e-01
5.077427625656127930e-01 5.042843222618103027e-01
4.583408534526824951e-01 5.590884089469909668e-01
5.412355065345764160e-01 4.589191377162933350e-01
4.663628339767456055e-01 5.643322467803955078e-01
-5.573518276214599609e-01 -7.623618841171264648e-01
4.979071617126464844e-01 5.548965930938720703e-01
-6.752158999443054199e-01 -6.264557838439941406e-01
4.806005358695983887e-01 4.881877601146697998e-01
3.965879380702972412e-01 5.167249441146850586e-01
-9.384812414646148682e-02 7.165305614471435547e-01
-1.897045969963073730e-01 -3.369258046150207520e-01
4.022351205348968506e-01 3.619316220283508301e-01
3.789472281932830811e-01 4.680543541908264160e-01
4.881144165992736816e-01 4.942361116409301758e-01
5.030425190925598145e-01 4.798695743083953857e-01
5.501877069473266602e-01 6.384382247924804688e-01
4.814221560955047607e-01 5.967879891395568848e-01
5.209117531776428223e-01 5.962107777595520020e-01
4.359083995223045349e-02 5.961276888847351074e-01
5.071255564689636230e-01 4.777074158191680908e-01
4.248788952827453613e-01 4.605901837348937988e-01
1.939994990825653076e-01 4.895943999290466309e-01
4.629132151603698730e-01 5.314903259277343750e-01
4.101454913616180420e-01 5.535684823989868164e-01
4.546640217304229736e-01 5.276752114295959473e-01
5.135493278503417969e-01 5.920427441596984863e-01
4.943738579750061035e-01 4.969833195209503174e-01
3.965774774551391602e-01 4.134389460086822510e-01
5.043585896492004395e-01 5.885223150253295898e-01
3.870298862457275391e-01 5.306271910667419434e-01
4.867470264434814453e-01 6.004450321197509766e-01
4.088770747184753418e-01 5.091822743415832520e-01
4.930074214935302734e-01 5.419699549674987793e-01
5.374426245689392090e-01 4.815098047256469727e-01
5.097461938858032227e-01 5.086185336112976074e-01
4.454475343227386475e-01 4.503724575042724609e-01
4.996786117553710938e-01 5.275396108627319336e-01
5.088720917701721191e-01 5.318177342414855957e-01
4.141758084297180176e-01 4.966557025909423828e-01
2.407005429267883301e-01 3.238002359867095947e-01
4.824560284614562988e-01 4.930225908756256104e-01
5.530617237091064453e-01 4.526175558567047119e-01
4.894974827766418457e-01 4.608361721038818359e-01
4.895523786544799805e-01 4.818179011344909668e-01
4.408979415893554688e-01 4.307031929492950439e-01
5.177606344223022461e-01 4.897063672542572021e-01
3.898832798004150391e-01 4.864562451839447021e-01
4.182741641998291016e-01 4.749276936054229736e-01
4.174031615257263184e-01 5.036897659301757812e-01
5.623844861984252930e-01 5.115751028060913086e-01
4.938127696514129639e-01 4.848242104053497314e-01
5.564503669738769531e-01 5.412848591804504395e-01
4.488040804862976074e-01 4.545356929302215576e-01
-5.326201766729354858e-02 4.411554634571075439e-01
4.652353823184967041e-01 4.934028089046478271e-01
4.950464069843292236e-01 5.606849193572998047e-01
3.961525857448577881e-01 5.229249000549316406e-01
4.306615293025970459e-01 5.266604423522949219e-01
5.103258490562438965e-01 5.675469636917114258e-01
1.378350257873535156e-01 7.213103771209716797e-01
3.995175361633300781e-01 5.130449533462524414e-01
4.533869326114654541e-01 4.965354204177856445e-01
4.956696033477783203e-01 5.921349525451660156e-01
-5.992329716682434082e-01 -7.721104025840759277e-01
4.945689141750335693e-01 5.882831811904907227e-01
3.943866491317749023e-01 3.712976276874542236e-01
3.555103540420532227e-01 5.211224555969238281e-01
4.301373064517974854e-01 4.989619851112365723e-01
4.650912582874298096e-01 5.214621424674987793e-01
3.921233415603637695e-01 4.650864601135253906e-01
-4.951870441436767578e-01 -6.883137822151184082e-01
4.558161497116088867e-01 5.268669128417968750e-01
5.021782517433166504e-01 4.309011399745941162e-01
5.009350180625915527e-01 5.813595056533813477e-01
4.135680198669433594e-01 5.336989760398864746e-01
5.107429027557373047e-01 6.124454736709594727e-01
5.161751508712768555e-01 5.811225771903991699e-01
-1.643069460988044739e-02 2.318859547376632690e-01
-5.417598783969879150e-02 3.832063078880310059e-02
4.634042084217071533e-01 4.926607906818389893e-01
4.240242838859558105e-01 4.728999137878417969e-01
5.273233652114868164e-01 5.505521893501281738e-01
4.846802055835723877e-01 5.742895603179931641e-01
5.432406663894653320e-01 5.325179696083068848e-01
4.229004681110382080e-01 4.201019704341888428e-01
5.340179204940795898e-01 4.686558842658996582e-01
5.183526277542114258e-01 5.436914563179016113e-01
5.063211321830749512e-01 6.062291264533996582e-01
5.165532231330871582e-01 4.993723034858703613e-01
3.599325716495513916e-01 4.847970008850097656e-01
5.002494454383850098e-01 5.155570507049560547e-01
5.454567670822143555e-01 5.784158110618591309e-01
4.882899820804595947e-01 5.274239182472229004e-01
4.050059318542480469e-01 5.192605853080749512e-01
3.989361226558685303e-01 3.653425872325897217e-01
4.268354177474975586e-01 4.943197965621948242e-01
4.329977929592132568e-01 4.890273213386535645e-01
4.802028536796569824e-01 5.759221911430358887e-01
4.934816658496856689e-01 4.849545955657958984e-01
5.723156929016113281e-01 4.641610383987426758e-01
5.228522419929504395e-01 5.409429669380187988e-01
5.136674642562866211e-01 7.008668184280395508e-01
4.011870324611663818e-01 4.599681794643402100e-01
4.897437095642089844e-01 5.057832002639770508e-01
3.711866140365600586e-01 3.370996713638305664e-01
4.883849620819091797e-01 4.869149923324584961e-01
4.801070094108581543e-01 5.359209775924682617e-01
4.296955466270446777e-01 4.450313150882720947e-01
4.895825982093811035e-01 5.954594612121582031e-01
4.539008140563964844e-01 6.525191664695739746e-01
7.409601211547851562e-01 3.048923015594482422e-01
4.996936619281768799e-01 6.205099225044250488e-01
4.526382684707641602e-01 4.627051651477813721e-01
4.990214705467224121e-01 5.072864294052124023e-01
4.925892651081085205e-01 5.588361620903015137e-01
4.835085868835449219e-01 4.678280055522918701e-01
3.142706155776977539e-01 3.066466748714447021e-01
4.140590131282806396e-01 5.022776126861572266e-01
4.947757422924041748e-01 5.797054171562194824e-01
-3.727947771549224854e-01 -6.500278711318969727e-01
4.387578070163726807e-01 4.711749255657196045e-01
4.554440975189208984e-01 4.124262630939483643e-01
5.209226012229919434e-01 5.590156912803649902e-01
1.023163720965385437e-01 7.533056735992431641e-01
5.240065455436706543e-01 5.770609378814697266e-01
5.008679628372192383e-01 5.250300765037536621e-01
5.060034394264221191e-01 6.504989266395568848e-01
4.283999204635620117e-01 5.052537918090820312e-01
4.483928084373474121e-01 4.643763303756713867e-01
5.422425270080566406e-01 5.992571711540222168e-01
4.675087034702301025e-01 5.699507594108581543e-01
4.626409709453582764e-01 4.724629521369934082e-01
4.705596566200256348e-01 5.729961991310119629e-01
-6.789024174213409424e-02 6.585729122161865234e-01
4.621894657611846924e-01 4.764274358749389648e-01
3.866256773471832275e-01 5.303586721420288086e-01
5.157200694084167480e-01 5.423797965049743652e-01
4.041598737239837646e-01 4.851669967174530029e-01
4.243642985820770264e-01 4.600722193717956543e-01
4.069606363773345947e-01 5.440868735313415527e-01
4.771999120712280273e-01 5.076981782913208008e-01
-7.072638869285583496e-01 -7.219171524047851562e-01
4.911959767341613770e-01 4.980748593807220459e-01
4.934884309768676758e-01 5.115457177162170410e-01
-3.590560555458068848e-01 -3.797629475593566895e-01
-5.708097815513610840e-01 -4.364464581012725830e-01
4.939907193183898926e-01 5.199290513992309570e-01
4.970696270465850830e-01 5.353512763977050781e-01
4.339987039566040039e-01 5.188479423522949219e-01
4.860119819641113281e-01 4.925401508808135986e-01
3.968052566051483154e-01 5.304709076881408691e-01
4.472046792507171631e-01 5.056601762771606445e-01
4.960606694221496582e-01 5.151854753494262695e-01
4.271985590457916260e-02 4.808539748191833496e-01
5.141916871070861816e-01 6.241655945777893066e-01
5.006871223449707031e-01 5.523304939270019531e-01
5.316970944404602051e-01 4.815414845943450928e-01
5.117063522338867188e-01 5.498834848403930664e-01
4.565451741218566895e-01 4.538975656032562256e-01
4.935138225555419922e-01 4.976196289062500000e-01
4.328154027462005615e-01 5.332239866256713867e-01
4.463281631469726562e-01 5.061550140380859375e-01
5.239472985267639160e-01 5.357018709182739258e-01
4.639821350574493408e-01 4.918934702873229980e-01
5.448366999626159668e-01 4.652314186096191406e-01
4.574124217033386230e-01 5.042511224746704102e-01
5.099670290946960449e-01 5.061770677566528320e-01
-6.185945868492126465e-02 7.573152780532836914e-01
5.093573331832885742e-01 5.658987760543823242e-01
4.242753386497497559e-01 4.759680926799774170e-01
-3.866714611649513245e-02 5.002806186676025391e-01
4.964824318885803223e-01 6.205590963363647461e-01
4.731611609458923340e-01 5.203663706779479980e-01
4.444026947021484375e-01 4.485411345958709717e-01
2.751845866441726685e-02 7.555767297744750977e-01
4.804529249668121338e-01 5.026016235351562500e-01
4.238443970680236816e-01 5.107785463333129883e-01
1.556149274110794067e-01 6.789414882659912109e-01
4.383903443813323975e-01 4.946640133857727051e-01
4.860779643058776855e-01 5.877354741096496582e-01
5.444800853729248047e-01 4.712177813053131104e-01
-7.451887130737304688e-01 -4.327737987041473389e-01
3.689519762992858887e-01 4.811664223670959473e-01
5.535132288932800293e-01 4.719295799732208252e-01
4.031908810138702393e-01 4.952293038368225098e-01
3.820540606975555420e-01 5.150005221366882324e-01
4.802528023719787598e-01 5.011109113693237305e-01
4.213020205497741699e-01 4.473325610160827637e-01
3.475405275821685791e-01 5.436012744903564453e-01
4.147412180900573730e-01 5.029182434082031250e-01
4.823787510395050049e-01 6.063211560249328613e-01
4.111686646938323975e-01 4.043805599212646484e-01
4.863441586494445801e-01 4.961500167846679688e-01
4.676351249217987061e-01 5.677129626274108887e-01
4.968826472759246826e-01 5.038696527481079102e-01
4.661457538604736328e-01 4.928568005561828613e-01
4.037872254848480225e-01 4.913174510002136230e-01
4.884501099586486816e-01 6.162480115890502930e-01
4.894287288188934326e-01 5.233496427536010742e-01
4.997389316558837891e-01 5.195437669754028320e-01
4.292540550231933594e-01 4.491509795188903809e-01
4.330461919307708740e-01 4.305846095085144043e-01
5.171679854393005371e-01 5.703936219215393066e-01
4.822689294815063477e-01 5.008913278579711914e-01
4.730082750320434570e-01 6.947792768478393555e-01
4.232381880283355713e-01 4.226076304912567139e-01
5.584121942520141602e-01 6.371715664863586426e-01
5.656348466873168945e-01 4.957368075847625732e-01
4.266201555728912354e-01 4.962640404701232910e-01
4.717746376991271973e-01 5.228078365325927734e-01
5.085128545761108398e-01 5.335690975189208984e-01
4.557433128356933594e-01 5.754253864288330078e-01
4.646425247192382812e-01 5.386130213737487793e-01
5.419049263000488281e-01 5.880277156829833984e-01
-1.687880456447601318e-01 -3.442973792552947998e-01
4.945585429668426514e-01 4.923798739910125732e-01
3.755670785903930664e-01 3.381087481975555420e-01
4.486293792724609375e-01 5.639181733131408691e-01
5.415832400321960449e-01 6.404305696487426758e-01
4.802467823028564453e-01 5.296025872230529785e-01
-5.256320238113403320e-01 -7.415425181388854980e-01
5.028883814811706543e-01 5.218650698661804199e-01
4.203657805919647217e-01 4.255997538566589355e-01
4.861931800842285156e-01 5.645042657852172852e-01
5.108098387718200684e-01 5.752657651901245117e-01
-2.086463868618011475e-01 -3.060421347618103027e-01
3.973638117313385010e-01 4.540928602218627930e-01
4.757390916347503662e-01 5.719764232635498047e-01
4.924948811531066895e-01 5.766686797142028809e-01
4.703333079814910889e-01 6.119668483734130859e-01
5.656179785728454590e-01 5.461294651031494141e-01
4.271399080753326416e-01 4.147001504898071289e-01
3.885995447635650635e-01 4.797373712062835693e-01
-7.402722239494323730e-01 -8.466713428497314453e-01
5.390875339508056641e-01 4.938917756080627441e-01
4.408949315547943115e-01 4.917729496955871582e-01
4.704697132110595703e-01 6.141297817230224609e-01
4.178594946861267090e-01 4.588730335235595703e-01
5.586785674095153809e-01 4.587410688400268555e-01
4.027092754840850830e-01 5.010693669319152832e-01
3.321173489093780518e-01 3.127027451992034912e-01
5.009523630142211914e-01 5.497548580169677734e-01
1.876828819513320923e-02 8.207880258560180664e-01
4.661217927932739258e-01 4.198073446750640869e-01
5.197707414627075195e-01 5.595219731330871582e-01
4.678195714950561523e-01 5.423051714897155762e-01
3.897782862186431885e-01 5.159650444984436035e-01
5.106688737869262695e-01 5.853009819984436035e-01
3.889159560203552246e-01 5.038203001022338867e-01
4.421370029449462891e-01 4.717765450477600098e-01
-8.341853022575378418e-01 -5.541894435882568359e-01
5.042057037353515625e-01 5.188105106353759766e-01
5.208843350410461426e-01 5.605514049530029297e-01
5.149608254432678223e-01 6.430686116218566895e-01
5.005881190299987793e-01 6.002463698387145996e-01
4.937802851200103760e-01 5.305173993110656738e-01
4.888283908367156982e-01 5.106819868087768555e-01
4.645858407020568848e-01 6.647556424140930176e-01
-1.959658861160278320e-01 -2.180075347423553467e-01
-8.594088256359100342e-02 4.309687912464141846e-01
5.410145521163940430e-01 5.178929567337036133e-01
2.958568930625915527e-01 5.478788018226623535e-01
4.894450902938842773e-01 6.083821654319763184e-01
5.069906115531921387e-01 5.842716693878173828e-01
4.238230884075164795e-01 4.300965964794158936e-01
1.589074283838272095e-01 5.169292688369750977e-01
5.576353669166564941e-01 6.230099797248840332e-01
3.780623972415924072e-01 4.818931519985198975e-01
2.797998189926147461e-01 3.039692938327789307e-01
4.419744610786437988e-01 4.821461141109466553e-01
5.021326541900634766e-01 6.558355689048767090e-01
5.563143491744995117e-01 4.551043510437011719e-01
4.063403308391571045e-01 5.276390910148620605e-01
5.273569822311401367e-01 5.394070744514465332e-01
5.158014297485351562e-01 4.904240965843200684e-01
4.875262677669525146e-01 4.955606460571289062e-01
5.438265800476074219e-01 5.812068581581115723e-01
4.473934769630432129e-01 5.148211121559143066e-01
5.247188806533813477e-01 5.541334152221679688e-01
5.122414231300354004e-01 5.158520340919494629e-01
4.128246605396270752e-01 4.548521041870117188e-01
5.378599166870117188e-01 5.293215513229370117e-01
5.139543414115905762e-01 5.568327903747558594e-01
4.799844324588775635e-01 5.456098318099975586e-01
-5.829895734786987305e-01 -7.823219895362854004e-01
4.988780617713928223e-01 5.903972983360290527e-01
5.356513261795043945e-01 5.132368803024291992e-01
4.506959617137908936e-01 5.298649072647094727e-01
4.792410731315612793e-01 4.712942242622375488e-01
5.142875313758850098e-01 6.003000736236572266e-01
5.184221267700195312e-01 7.156573534011840820e-01
-8.914390802383422852e-01 -6.899603009223937988e-01
6.088636517524719238e-01 2.717458009719848633e-01
4.489148557186126709e-01 4.724390208721160889e-01
5.095344185829162598e-01 5.193024873733520508e-01
4.767802059650421143e-01 4.991624653339385986e-01
1.002292111515998840e-01 7.713189125061035156e-01
5.030368566513061523e-01 5.258018374443054199e-01
4.263279139995574951e-01 5.093816518783569336e-01
4.625634551048278809e-01 5.236091017723083496e-01
5.149978995323181152e-01 5.451269149780273438e-01
3.854594826698303223e-01 4.521271586418151855e-01
4.519410431385040283e-01 4.622425734996795654e-01
4.602641463279724121e-01 4.641931951045989990e-01
4.968212544918060303e-01 5.601034760475158691e-01
5.078303813934326172e-01 5.308034420013427734e-01
5.259732007980346680e-01 5.572021603584289551e-01
4.079544246196746826e-01 4.690621197223663330e-01
4.253967404365539551e-01 5.426951646804809570e-01
4.079504609107971191e-01 5.135800242424011230e-01
4.877229928970336914e-01 6.312322020530700684e-01
4.865714907646179199e-01 5.665612220764160156e-01
4.274294674396514893e-01 4.951073229312896729e-01
-8.100869506597518921e-02 -6.622762233018875122e-02
5.143756270408630371e-01 6.081153750419616699e-01
4.852144420146942139e-01 5.385479331016540527e-01
4.984712302684783936e-01 5.865114927291870117e-01
5.459564328193664551e-01 4.715280532836914062e-01
5.081732869148254395e-01 4.778906702995300293e-01
6.064087897539138794e-02 5.054618716239929199e-01
-4.300359189510345459e-01 -4.771702289581298828e-01
5.229446291923522949e-01 5.459178090095520020e-01
4.557237923145294189e-01 5.802034139633178711e-01
