4.288697242736816406e-01 5.199627280235290527e-01
9.015256762504577637e-01 3.842170536518096924e-01
3.337944149971008301e-01 6.208983659744262695e-01
7.800955772399902344e-01 7.117100358009338379e-01
3.801155835390090942e-02 2.461270391941070557e-01
-1.111939847469329834e-01 3.428312540054321289e-01
9.402180910110473633e-01 4.145033061504364014e-01
6.805146485567092896e-02 8.641580343246459961e-01
-5.023102760314941406e-01 -3.795118331909179688e-01
7.922369837760925293e-01 6.789405941963195801e-01
6.726796030998229980e-01 7.682831287384033203e-01
3.946697115898132324e-01 5.386420488357543945e-01
2.865710556507110596e-01 4.790978133678436279e-01
-1.737909615039825439e-01 -7.636499404907226562e-02
-1.498008072376251221e-01 5.301029682159423828e-01
9.245687127113342285e-01 3.430874645709991455e-01
9.779963493347167969e-01 5.985479950904846191e-01
7.854205965995788574e-01 6.885431408882141113e-01
-4.834596998989582062e-03 7.407237589359283447e-02
1.171710118651390076e-01 3.386895656585693359e-01
3.895105123519897461e-01 7.323346734046936035e-01
7.767620682716369629e-01 9.123072624206542969e-01
6.416167020797729492e-01 3.593057692050933838e-01
8.368412256240844727e-01 8.766980767250061035e-01
9.813627600669860840e-01 8.273807168006896973e-01
6.201103329658508301e-01 6.864424943923950195e-01
8.893837928771972656e-01 4.832078218460083008e-01
-6.173510551452636719e-01 6.282622218132019043e-01
8.345046043395996094e-01 7.974373698234558105e-01
2.906167805194854736e-01 6.064133644104003906e-01
8.874023556709289551e-01 7.239483594894409180e-01
8.087416291236877441e-01 8.283263444900512695e-01
9.421629905700683594e-01 7.730192542076110840e-01
8.643270730972290039e-01 7.009419202804565430e-01
9.587593078613281250e-01 6.035008430480957031e-01
7.414211034774780273e-01 6.973012089729309082e-01
7.684207558631896973e-01 4.383611977100372314e-01
8.502969741821289062e-01 7.160617113113403320e-01
6.684306859970092773e-01 8.437413573265075684e-01
1.318357735872268677e-01 -7.329349964857101440e-02
6.723580360412597656e-01 2.778620719909667969e-01
8.765218257904052734e-01 6.191673278808593750e-01
9.684563279151916504e-01 3.944325149059295654e-01
-9.140678048133850098e-01 3.345906361937522888e-02
-3.418850302696228027e-01 -3.979799151420593262e-01
7.902739644050598145e-01 9.051036834716796875e-01
4.831581115722656250e-01 6.849304437637329102e-01
4.238882362842559814e-01 2.678899466991424561e-01
-3.504652380943298340e-01 5.663500428199768066e-01
7.914763092994689941e-01 7.608227133750915527e-01
6.685852408409118652e-01 7.830666303634643555e-01
6.730588674545288086e-01 7.901981472969055176e-01
7.526095509529113770e-01 3.109681010246276855e-01
9.792497158050537109e-01 5.898962020874023438e-01
3.616922497749328613e-01 -3.743175268173217773e-01
8.781701326370239258e-01 -2.767200469970703125e-01
-1.611265540122985840e-02 -1.461863070726394653e-01
5.893888473510742188e-01 7.348556518554687500e-01
5.189841389656066895e-01 2.085437476634979248e-01
-7.597501277923583984e-01 1.237449236214160919e-02
-4.842284694314002991e-02 -1.381934583187103271e-01
1.407595723867416382e-01 3.404915034770965576e-01
6.990696787834167480e-01 9.023014307022094727e-01
3.751279711723327637e-01 5.945982336997985840e-01
6.906709671020507812e-01 7.150280475616455078e-01
8.301464319229125977e-01 7.833306789398193359e-01
7.760892510414123535e-01 5.080989003181457520e-01
7.228345274925231934e-01 7.150264978408813477e-01
7.943318486213684082e-01 7.839033007621765137e-01
2.901832163333892822e-01 4.923751950263977051e-01
7.750343084335327148e-01 4.902665913105010986e-01
8.112097382545471191e-01 8.353800773620605469e-01
2.613213360309600830e-01 1.641552429646253586e-03
6.650710105895996094e-01 5.960670113563537598e-01
9.055351465940475464e-02 6.066671609878540039e-01
9.552888870239257812e-01 6.009076237678527832e-01
4.987113177776336670e-01 -1.278594583272933960e-01
-8.184167146682739258e-01 -8.302507400512695312e-01
9.125702381134033203e-01 8.773335814476013184e-02
4.667352437973022461e-01 4.585675597190856934e-01
4.383483231067657471e-01 3.532575368881225586e-01
8.938872814178466797e-01 8.363416790962219238e-01
7.300521135330200195e-01 4.757576286792755127e-01
5.268070697784423828e-01 7.853772640228271484e-01
9.751346111297607422e-01 8.932554125785827637e-01
5.892297625541687012e-01 7.978518009185791016e-01
9.657622575759887695e-01 6.286070346832275391e-01
7.884575724601745605e-01 -3.833814263343811035e-01
2.435270845890045166e-01 4.013394713401794434e-01
9.392409324645996094e-01 3.432125747203826904e-01
9.687283039093017578e-01 8.420932888984680176e-01
2.399658560752868652e-01 -1.767624765634536743e-01
9.386987686157226562e-01 5.721099376678466797e-01
6.191880702972412109e-01 9.510746225714683533e-03
7.872514128684997559e-01 7.411192655563354492e-01
8.607586026191711426e-01 7.231481671333312988e-01
6.736976504325866699e-01 6.755831241607666016e-01
7.982233762741088867e-01 7.054125666618347168e-01
9.839497208595275879e-01 8.344827294349670410e-01
6.154786348342895508e-01 9.214308261871337891e-01
8.222591876983642578e-01 6.193459033966064453e-01
8.173692226409912109e-01 4.104762375354766846e-01
8.588143587112426758e-01 8.351044654846191406e-01
7.320293188095092773e-01 6.592320203781127930e-01
2.531027197837829590e-01 -1.112869940698146820e-03
-1.311888694763183594e-01 -6.189046427607536316e-02
8.475633859634399414e-01 8.587623834609985352e-01
6.293457150459289551e-01 3.866215944290161133e-01
8.889945745468139648e-01 7.573463767766952515e-02
4.907454252243041992e-01 6.218948364257812500e-01
7.211329936981201172e-01 4.905686974525451660e-01
4.106746613979339600e-01 7.567859888076782227e-01
8.323616981506347656e-01 7.779422402381896973e-01
9.753714799880981445e-01 6.051987409591674805e-01
-4.447825551033020020e-01 -7.019189596176147461e-01
9.224125742912292480e-01 7.632269859313964844e-01
7.193639278411865234e-01 8.493565917015075684e-01
7.373028993606567383e-01 9.217379689216613770e-01
8.745571225881576538e-02 4.788224399089813232e-01
1.118268743157386780e-01 5.295014381408691406e-01
-8.100984096527099609e-01 6.185067296028137207e-01
5.311062932014465332e-01 -4.585371017456054688e-01
4.448710754513740540e-02 1.718178242444992065e-01
6.883465051651000977e-01 7.874785065650939941e-01
7.011351585388183594e-01 5.705838203430175781e-01
5.828161239624023438e-01 8.910754323005676270e-01
6.070105433464050293e-01 9.351238012313842773e-01
9.358093738555908203e-01 9.056542515754699707e-01
9.156252741813659668e-01 8.592333793640136719e-01
2.424376904964447021e-01 5.503408908843994141e-01
3.181124925613403320e-01 6.584336161613464355e-01
9.036646485328674316e-01 6.817873716354370117e-01
-7.519969940185546875e-01 -9.092159271240234375e-01
9.805356264114379883e-01 5.922895669937133789e-01
8.727895021438598633e-01 5.711410641670227051e-01
-1.665915697813034058e-01 5.703436136245727539e-01
-8.172115683555603027e-01 9.538929462432861328e-01
2.706861495971679688e-01 8.862526416778564453e-01
-1.074033305048942566e-01 -2.071305364370346069e-01
-9.047915339469909668e-01 8.682821393013000488e-01
8.722367286682128906e-01 6.365568041801452637e-01
9.398777484893798828e-01 6.311931610107421875e-01
4.294228553771972656e-01 8.964884281158447266e-01
-2.745117843151092529e-01 3.323268294334411621e-01
2.771001756191253662e-01 4.139023721218109131e-01
1.740708947181701660e-01 2.487674355506896973e-01
8.920423984527587891e-01 7.315872311592102051e-01
8.161475062370300293e-01 4.884410798549652100e-01
9.666985869407653809e-01 5.525829792022705078e-01
9.908543825149536133e-01 6.455950736999511719e-01
3.426384925842285156e-01 9.160922169685363770e-01
8.367506861686706543e-01 3.496994376182556152e-01
2.468638867139816284e-01 2.706600129604339600e-01
1.718054264783859253e-01 -3.525889515876770020e-01
-4.158518016338348389e-01 4.625652432441711426e-01
1.688924282789230347e-01 9.083218574523925781e-01
7.900631427764892578e-01 7.784330844879150391e-01
-6.355014443397521973e-01 8.636879920959472656e-01
4.692434370517730713e-01 9.192711710929870605e-01
6.946904659271240234e-01 2.916826903820037842e-01
7.527804970741271973e-01 8.486750125885009766e-01
7.142699956893920898e-01 7.422685027122497559e-01
-5.770368501543998718e-02 1.974146813154220581e-01
5.741618275642395020e-01 5.535181164741516113e-01
3.095317184925079346e-01 -9.741934388875961304e-02
8.246533870697021484e-01 8.843787312507629395e-01
5.378493666648864746e-01 6.717183589935302734e-01
6.820120811462402344e-01 7.397282719612121582e-01
-7.359861135482788086e-01 -5.516846776008605957e-01
-9.281260892748832703e-03 5.574169754981994629e-01
6.816372275352478027e-01 8.153569698333740234e-01
3.449509143829345703e-01 6.651292443275451660e-01
4.501314088702201843e-02 4.726505577564239502e-01
8.793634921312332153e-02 2.846678793430328369e-01
2.448179125785827637e-01 2.232530526816844940e-02
1.405470669269561768e-01 2.043177783489227295e-01
6.999594569206237793e-01 9.410117864608764648e-01
8.094139099121093750e-01 3.720477223396301270e-01
7.368805408477783203e-01 2.370004802942276001e-01
9.988589882850646973e-01 6.709026098251342773e-01
-5.331171154975891113e-01 3.976410925388336182e-01
9.920495748519897461e-01 6.341316699981689453e-01
7.557881474494934082e-01 8.743149638175964355e-01
2.762883007526397705e-01 2.383936494588851929e-01
8.117570877075195312e-01 4.393371641635894775e-01
-4.001979529857635498e-02 8.411866426467895508e-02
7.736657857894897461e-01 1.099232137203216553e-01
9.231671094894409180e-01 6.434317231178283691e-01
-6.459227204322814941e-02 5.724545121192932129e-01
7.043415904045104980e-01 4.902912676334381104e-01
8.207615017890930176e-01 6.483134031295776367e-01
-6.814577579498291016e-01 -5.380764007568359375e-01
2.893919348716735840e-01 4.967674314975738525e-01
9.006972312927246094e-01 4.050817787647247314e-01
7.993313074111938477e-01 6.030500531196594238e-01
-2.527200989425182343e-02 6.373820304870605469e-01
9.572572112083435059e-01 2.476676851511001587e-01
2.349043078720569611e-02 4.596325159072875977e-01
-2.582878172397613525e-01 7.348339557647705078e-01
8.616573214530944824e-01 3.849097192287445068e-01
8.822439908981323242e-01 8.224992752075195312e-01
7.588109374046325684e-01 -1.900028884410858154e-01
-2.592622339725494385e-01 -3.980276882648468018e-01
6.391401290893554688e-01 6.792569160461425781e-01
9.763908982276916504e-01 8.280242681503295898e-01
8.127050995826721191e-01 6.642667055130004883e-01
7.461131811141967773e-01 5.021384358406066895e-01
8.674556016921997070e-01 8.540505766868591309e-01
-2.675590813159942627e-01 2.282138317823410034e-01
2.260376960039138794e-01 4.499698281288146973e-01
9.831627607345581055e-01 8.214994668960571289e-01
7.903906106948852539e-01 8.260281085968017578e-01
6.647506952285766602e-01 7.226192355155944824e-01
2.337724119424819946e-01 5.785315036773681641e-01
-4.822406545281410217e-02 4.102592915296554565e-02
9.328000545501708984e-01 6.742517352104187012e-01
7.528722286224365234e-01 5.136955976486206055e-01
-8.999266624450683594e-01 -2.972223162651062012e-01
-2.273780119139701128e-04 1.471425290219485760e-03
9.652273058891296387e-01 8.659804463386535645e-01
6.030701994895935059e-01 5.275901556015014648e-01
2.518096268177032471e-01 3.387746810913085938e-01
9.275382757186889648e-01 6.557623744010925293e-01
-3.590871989727020264e-01 -4.341696798801422119e-01
4.813228249549865723e-01 7.003801465034484863e-01
7.676517367362976074e-01 6.096183061599731445e-01
-4.777118563652038574e-01 5.909742712974548340e-01
8.024291992187500000e-01 8.652836680412292480e-01
8.487285971641540527e-01 7.222863435745239258e-01
8.568603992462158203e-01 7.817418575286865234e-01
8.064980506896972656e-01 4.898058176040649414e-01
2.370587587356567383e-01 4.164888560771942139e-01
4.304635822772979736e-01 -6.800786256790161133e-01
3.804049193859100342e-01 4.277383089065551758e-01
8.352638483047485352e-01 7.257369160652160645e-01
7.379087805747985840e-01 2.595286667346954346e-01
5.420026183128356934e-01 7.900023460388183594e-01
6.416334211826324463e-02 6.005434393882751465e-01
-3.955525457859039307e-01 1.757048666477203369e-01
6.761001348495483398e-01 2.836070060729980469e-01
6.937998533248901367e-01 8.031068444252014160e-01
5.479346513748168945e-01 7.076861858367919922e-01
-6.778343319892883301e-01 8.788371086120605469e-01
2.891013026237487793e-01 9.308950901031494141e-01
-7.960536479949951172e-01 8.183988928794860840e-01
9.224467277526855469e-01 5.942856669425964355e-01
9.300948977470397949e-01 8.270213007926940918e-01
9.862987399101257324e-01 6.452550888061523438e-01
8.110128641128540039e-01 4.996582567691802979e-01
4.218666851520538330e-01 4.479992091655731201e-01
8.099062442779541016e-01 8.022877573966979980e-01
-1.540704816579818726e-01 1.177074015140533447e-01
7.505646347999572754e-01 7.130309343338012695e-01
6.455524563789367676e-01 5.173912048339843750e-01
4.512200653553009033e-01 9.125831127166748047e-01
4.036256372928619385e-01 7.504685521125793457e-01
9.648520946502685547e-01 6.589939594268798828e-01
3.599567711353302002e-01 6.090430617332458496e-01
7.587956190109252930e-01 7.609049677848815918e-01
9.744961261749267578e-01 6.068897843360900879e-01
8.285862803459167480e-01 5.967418551445007324e-01
-7.591338753700256348e-01 4.609187543392181396e-01
6.918821930885314941e-01 9.577199220657348633e-01
9.982148408889770508e-01 5.356941819190979004e-01
9.182482361793518066e-01 6.200115084648132324e-01
6.323013305664062500e-01 7.831888198852539062e-01
6.020827889442443848e-01 7.649665474891662598e-01
9.186225533485412598e-01 6.122627258300781250e-01
6.276603341102600098e-01 7.156626582145690918e-01
9.035696387290954590e-01 5.782543420791625977e-01
2.506746053695678711e-01 4.998202025890350342e-01
6.224375963211059570e-01 6.324754357337951660e-01
-6.583822369575500488e-01 1.612653732299804688e-01
6.119806170463562012e-01 9.107213616371154785e-01
1.380950808525085449e-01 4.337528347969055176e-01
3.050426840782165527e-01 6.235231161117553711e-01
7.220364809036254883e-01 7.915032505989074707e-01
9.886822104454040527e-01 6.445886492729187012e-01
9.070787429809570312e-01 6.952698528766632080e-02
9.067291021347045898e-01 5.708839893341064453e-01
9.321925044059753418e-01 9.083651900291442871e-01
8.834949731826782227e-01 7.812869548797607422e-01
9.832947254180908203e-01 3.670929744839668274e-02
9.172288179397583008e-01 4.802307784557342529e-01
-1.340615190565586090e-02 6.249809265136718750e-01
3.561968803405761719e-01 8.587888479232788086e-01
-7.302973866462707520e-01 -8.488178849220275879e-01
8.643050193786621094e-01 4.616503119468688965e-01
1.427479982376098633e-01 8.931061625480651855e-02
2.517865002155303955e-01 9.876440763473510742e-01
-1.969820819795131683e-02 1.578723341226577759e-01
5.296613574028015137e-01 5.419344305992126465e-01
9.912120699882507324e-01 2.345641702413558960e-01
4.293333888053894043e-01 2.765117585659027100e-01
-7.591088414192199707e-01 -5.556542873382568359e-01
5.109639763832092285e-01 5.507684350013732910e-01
2.412051409482955933e-01 3.891666531562805176e-01
7.516412734985351562e-01 2.723045945167541504e-01
-8.004063963890075684e-01 -8.275423049926757812e-01
7.562892436981201172e-01 7.501140832901000977e-01
7.945477366447448730e-01 8.438528180122375488e-01
2.182378619909286499e-01 9.213637709617614746e-01
8.122590184211730957e-01 6.152209639549255371e-01
6.113764047622680664e-01 2.391886562108993530e-01
9.854339957237243652e-01 3.782577812671661377e-01
3.359328508377075195e-01 8.551468253135681152e-01
7.394778132438659668e-01 7.319614291191101074e-01
3.463775515556335449e-01 1.982809752225875854e-01
8.039956092834472656e-01 5.897578597068786621e-01
-2.130369991064071655e-01 -1.602240204811096191e-01
-3.191350698471069336e-01 4.605709314346313477e-01
5.146511197090148926e-01 9.995068907737731934e-01
1.779785305261611938e-01 3.653628006577491760e-02
5.984692573547363281e-01 8.675760030746459961e-01
-2.975616455078125000e-01 3.469308018684387207e-01
-9.069870710372924805e-01 -4.737301766872406006e-01
6.854853034019470215e-01 6.191498041152954102e-01
8.232697248458862305e-01 7.676720023155212402e-01
-3.785247206687927246e-01 -2.430354803800582886e-01
3.071672916412353516e-01 6.705049276351928711e-01
-2.615316584706306458e-02 3.556715846061706543e-01
1.856295466423034668e-01 5.855082869529724121e-01
2.811644375324249268e-01 9.610428810119628906e-01
7.233471870422363281e-01 -2.594685927033424377e-02
2.328466325998306274e-01 -3.826010823249816895e-01
6.299630403518676758e-01 5.786513090133666992e-01
9.752935767173767090e-01 6.620349287986755371e-01
-9.341461658477783203e-01 -4.439174830913543701e-01
-9.812425374984741211e-01 -8.087947964668273926e-01
8.200874924659729004e-01 6.787492036819458008e-01
8.539443612098693848e-01 8.355292677879333496e-01
-1.440920382738113403e-01 5.968549251556396484e-01
7.272098660469055176e-01 5.468235611915588379e-01
9.133657217025756836e-01 7.722356915473937988e-01
5.941462516784667969e-01 8.981269001960754395e-01
4.692152738571166992e-01 5.862142443656921387e-01
-8.825218081474304199e-01 -5.479787588119506836e-01
9.217207133769989014e-02 3.339236080646514893e-01
7.030740976333618164e-01 5.443056225776672363e-01
9.184118509292602539e-01 8.259022831916809082e-01
9.171794056892395020e-01 7.350602149963378906e-01
6.612061262130737305e-01 5.937842130661010742e-01
8.022155165672302246e-01 7.358062863349914551e-01
2.831858694553375244e-01 3.304094374179840088e-01
9.539047479629516602e-01 5.753157138824462891e-01
9.898248314857482910e-01 6.026346683502197266e-01
7.888221740722656250e-01 9.504956007003784180e-01
5.136318206787109375e-01 5.527379512786865234e-01
5.560566782951354980e-01 9.241403341293334961e-01
9.433722496032714844e-01 4.041664898395538330e-01
8.916311264038085938e-01 9.031776189804077148e-01
7.033754587173461914e-01 8.861296176910400391e-01
4.384781122207641602e-01 -9.477876126766204834e-03
1.118864715099334717e-01 2.935389280319213867e-01
9.802237749099731445e-01 6.103931069374084473e-01
9.341112375259399414e-01 4.137925803661346436e-01
3.500906229019165039e-01 8.719619512557983398e-01
8.300543427467346191e-01 6.814600229263305664e-01
-6.865046024322509766e-01 6.778424382209777832e-01
9.185216426849365234e-01 8.690559864044189453e-01
1.530595272779464722e-01 8.448115587234497070e-01
9.712917804718017578e-01 7.180372476577758789e-01
9.471947550773620605e-01 1.632224917411804199e-01
8.880690336227416992e-01 7.554967403411865234e-01
9.135613441467285156e-01 7.602085471153259277e-01
5.053977966308593750e-01 7.109464406967163086e-01
7.688034176826477051e-01 8.489031791687011719e-01
9.211623072624206543e-01 6.477025747299194336e-01
8.782835006713867188e-01 3.337009847164154053e-01
-5.789505839347839355e-01 -3.475541770458221436e-01
3.551311045885086060e-02 4.043354094028472900e-01
8.333049416542053223e-01 7.219396829605102539e-01
9.450246691703796387e-01 7.347583174705505371e-01
8.896785378456115723e-01 8.160141110420227051e-01
9.147538542747497559e-01 5.477653741836547852e-01
7.928245663642883301e-01 6.388969421386718750e-01
9.189507961273193359e-01 4.354684352874755859e-01
5.856042504310607910e-01 3.881911635398864746e-01
9.121280908584594727e-01 4.818465709686279297e-01
6.394139528274536133e-01 2.649470865726470947e-01
1.888522207736968994e-01 5.270130038261413574e-01
9.515326023101806641e-01 5.417643189430236816e-01
3.730908930301666260e-01 9.688426852226257324e-01
-1.864902973175048828e-01 -5.679403543472290039e-01
8.720385432243347168e-01 -2.700549960136413574e-01
9.109363555908203125e-01 4.848492443561553955e-01
-6.362962126731872559e-01 -8.269885182380676270e-01
-8.865343332290649414e-01 5.421633124351501465e-01
6.616147160530090332e-01 6.830149888992309570e-01
8.380509018898010254e-01 7.980658411979675293e-01
9.607217311859130859e-01 6.691638827323913574e-01
9.587472677230834961e-01 6.435821056365966797e-01
-4.914122074842453003e-02 2.681480944156646729e-01
8.580629825592041016e-01 5.321285724639892578e-01
-4.010176360607147217e-01 3.037657141685485840e-01
9.886378049850463867e-01 3.178897500038146973e-01
7.316363453865051270e-01 5.448515415191650391e-01
-1.645919382572174072e-01 3.851536512374877930e-01
9.518755078315734863e-01 5.994175672531127930e-01
-1.497743874788284302e-01 4.276884496212005615e-01
4.223639667034149170e-01 8.026526570320129395e-01
4.048915505409240723e-01 8.071150183677673340e-01
2.565764188766479492e-01 7.692319154739379883e-01
7.320616841316223145e-01 2.215207219123840332e-01
3.165543675422668457e-01 9.769683480262756348e-01
6.998998522758483887e-01 4.848878979682922363e-01
-3.999643400311470032e-02 6.648917198181152344e-01
1.227207928895950317e-01 2.064297348260879517e-01
9.304074645042419434e-01 7.889428138732910156e-01
7.385384440422058105e-01 6.881018280982971191e-01
1.377824097871780396e-01 2.610885798931121826e-01
-4.890516400337219238e-01 -3.743043541908264160e-01
9.380130767822265625e-01 4.834376871585845947e-01
4.093589186668395996e-01 9.931765496730804443e-02
9.652032256126403809e-01 8.125835061073303223e-01
5.518261194229125977e-01 1.397637277841567993e-01
2.381282895803451538e-01 1.824986338615417480e-01
2.816713154315948486e-01 3.615007996559143066e-01
3.043087124824523926e-01 4.575105607509613037e-01
4.474319890141487122e-02 1.557343751192092896e-01
3.177597001194953918e-02 2.169307768344879150e-01
4.859685003757476807e-01 2.131259739398956299e-01
6.309258937835693359e-01 8.879211544990539551e-01
7.501498460769653320e-01 7.360100150108337402e-01
8.270397186279296875e-01 6.201148033142089844e-01
-6.279125213623046875e-01 -3.840801715850830078e-01
6.800068020820617676e-01 7.508473396301269531e-01
9.155287146568298340e-01 9.826864600181579590e-01
-6.242218017578125000e-01 4.378218054771423340e-01
9.770095348358154297e-01 5.549408197402954102e-01
-2.683768570423126221e-01 -1.390853226184844971e-01
8.338754177093505859e-01 5.086275935173034668e-01
4.342597424983978271e-01 -7.570272684097290039e-02
9.859951138496398926e-01 8.047895431518554688e-01
5.648393630981445312e-01 5.328897833824157715e-01
-5.503071546554565430e-01 3.704656660556793213e-01
9.603688716888427734e-01 3.352841436862945557e-01
9.977679252624511719e-01 6.483758687973022461e-01
7.213959693908691406e-01 7.121044397354125977e-01
6.737393736839294434e-01 5.769848227500915527e-01
9.927303194999694824e-01 4.198352694511413574e-01
4.414829611778259277e-02 2.928481996059417725e-01
1.606245934963226318e-01 5.657082796096801758e-02
-7.540972232818603516e-01 -3.820098638534545898e-01
5.977356433868408203e-01 1.432566940784454346e-01
9.542745947837829590e-01 8.217782974243164062e-01
6.609616875648498535e-01 4.960344135761260986e-01
2.965750917792320251e-02 -2.185086347162723541e-02
9.148474931716918945e-01 -3.046409487724304199e-01
9.276491999626159668e-01 8.292455077171325684e-01
6.024692654609680176e-01 7.197105884552001953e-01
-9.968864917755126953e-01 -5.842745900154113770e-01
3.750869035720825195e-01 8.003441244363784790e-02
9.343193173408508301e-01 6.424229741096496582e-01
8.108488917350769043e-01 8.158982992172241211e-01
7.280690670013427734e-01 8.992615342140197754e-01
9.274075031280517578e-01 8.349951505661010742e-01
-1.042521819472312927e-01 -6.642150878906250000e-01
9.309799671173095703e-01 5.320043563842773438e-01
-7.417362928390502930e-02 1.429384797811508179e-01
8.175688385963439941e-01 5.504626035690307617e-01
8.326055407524108887e-01 8.414208292961120605e-01
9.521293044090270996e-01 6.607514619827270508e-01
-9.082301855087280273e-01 7.739294767379760742e-01
9.956536889076232910e-01 8.430927395820617676e-01
4.629511237144470215e-01 6.089299917221069336e-03
7.764959335327148438e-01 7.060144543647766113e-01
2.541216909885406494e-01 -7.722579240798950195e-01
2.868365347385406494e-01 4.622160792350769043e-01
9.180749654769897461e-01 3.689302876591682434e-02
3.943068087100982666e-01 1.189718544483184814e-01
1.596801578998565674e-01 6.998960971832275391e-01
8.006436824798583984e-01 6.651889681816101074e-01
6.056271195411682129e-01 1.105501409620046616e-02
9.971957802772521973e-01 5.280964970588684082e-01
-6.969764828681945801e-01 3.836054205894470215e-01
9.870368242263793945e-01 8.115835785865783691e-01
8.056207895278930664e-01 6.929296851158142090e-01
-5.854390561580657959e-02 7.732338309288024902e-01
-3.053947389125823975e-01 -4.519319906830787659e-02
9.188954234123229980e-01 5.251452922821044922e-01
5.447040200233459473e-01 2.160382419824600220e-01
4.516862630844116211e-01 6.968687176704406738e-01
9.628996849060058594e-01 7.853379845619201660e-01
1.928505003452301025e-01 3.593987226486206055e-01
9.936220049858093262e-01 8.944687247276306152e-01
7.481528520584106445e-01 5.303154587745666504e-01
9.114776849746704102e-01 5.514448285102844238e-01
6.524495482444763184e-01 4.585479497909545898e-01
-2.576317489147186279e-01 4.261103570461273193e-01
5.814004540443420410e-01 3.127629458904266357e-01
5.393016338348388672e-01 9.308269023895263672e-01
-1.644194573163986206e-01 7.562408447265625000e-01
8.205164074897766113e-01 8.808478116989135742e-01
9.540969133377075195e-01 6.427772045135498047e-01
8.095157742500305176e-01 8.455621600151062012e-01
-3.729775920510292053e-02 3.710319101810455322e-01
6.125276088714599609e-01 9.080581665039062500e-01
8.842694163322448730e-01 6.411896347999572754e-01
3.504318296909332275e-01 5.561978220939636230e-01
8.487080335617065430e-01 8.229499459266662598e-01
8.188254833221435547e-01 5.962401628494262695e-01
-3.816184401512145996e-01 1.309095323085784912e-01
3.597198426723480225e-01 4.443923532962799072e-01
6.324087381362915039e-01 5.518451333045959473e-01
8.268539309501647949e-01 8.538488149642944336e-01
5.118397474288940430e-01 6.667742729187011719e-01
-7.285935878753662109e-01 -5.809218883514404297e-01
6.372501850128173828e-01 8.074241876602172852e-01
-1.370681822299957275e-01 1.324952244758605957e-01
9.011166691780090332e-01 7.266665101051330566e-01
-3.673054873943328857e-01 1.640347242355346680e-01
5.461705327033996582e-01 7.715467214584350586e-01
5.351251363754272461e-02 2.262960821390151978e-01
1.533995419740676880e-01 4.576143324375152588e-01
9.122123718261718750e-01 7.659959793090820312e-01
-6.392953991889953613e-01 -8.419867753982543945e-01
3.237508982419967651e-02 6.285255551338195801e-01
2.158900350332260132e-01 7.301033735275268555e-01
4.416758418083190918e-01 3.425885140895843506e-01
4.571426212787628174e-01 4.069819450378417969e-01
4.868888556957244873e-01 9.161938428878784180e-01
7.329149842262268066e-01 6.812170743942260742e-01
7.885245680809020996e-01 3.980118036270141602e-01
-7.778127789497375488e-01 -7.590612769126892090e-01
5.965380072593688965e-01 7.145829200744628906e-01
-2.570538222789764404e-01 -7.054923176765441895e-01
7.496271729469299316e-01 -9.137315303087234497e-02
2.050834000110626221e-01 2.625424265861511230e-01
-9.196431040763854980e-01 9.445524215698242188e-01
6.616229414939880371e-01 4.658221006393432617e-01
4.755346477031707764e-01 8.123228698968887329e-02
6.407811045646667480e-01 3.252629935741424561e-01
1.336668431758880615e-01 2.031808197498321533e-01
1.085874810814857483e-01 5.385132431983947754e-01
4.806647002696990967e-01 4.765734672546386719e-01
6.042367219924926758e-01 2.356593310832977295e-01
-3.552347719669342041e-01 -1.658545881509780884e-01
4.650786221027374268e-01 9.025724530220031738e-01
9.177470207214355469e-01 3.399527072906494141e-01
2.610648572444915771e-01 2.155425492674112320e-03
7.467426359653472900e-02 -3.323261141777038574e-01
8.443463444709777832e-01 6.731075048446655273e-02
6.035246849060058594e-01 5.115664601325988770e-01
6.250069141387939453e-01 7.878912091255187988e-01
-4.812983870506286621e-01 -3.363425135612487793e-01
-4.785726219415664673e-02 -3.622043132781982422e-01
1.679353713989257812e-01 2.103884071111679077e-01
9.362409114837646484e-01 6.855148673057556152e-01
1.219268664717674255e-01 3.963806107640266418e-02
9.283103048801422119e-02 1.711592376232147217e-01
4.682592749595642090e-01 3.064913451671600342e-01
7.540227770805358887e-01 8.717279434204101562e-01
3.599937558174133301e-01 1.657343059778213501e-01
9.689681529998779297e-01 6.161420345306396484e-01
9.800902605056762695e-01 9.215288162231445312e-01
9.660747051239013672e-01 5.662364959716796875e-01
1.798786967992782593e-01 5.620158314704895020e-01
8.386901617050170898e-01 6.443983316421508789e-01
8.942410349845886230e-01 8.146310448646545410e-01
1.112149953842163086e-01 2.856265008449554443e-01
7.145320177078247070e-01 2.469930797815322876e-01
4.942037165164947510e-01 9.475150704383850098e-01
-1.455062720924615860e-02 1.731406748294830322e-01
8.035790324211120605e-01 6.310330033302307129e-01
5.784901380538940430e-01 3.457417190074920654e-01
-5.397618189454078674e-02 6.306898593902587891e-01
-9.957411140203475952e-02 2.234554588794708252e-01
2.409556694328784943e-02 2.178207933902740479e-01
7.358142733573913574e-01 8.033047914505004883e-01
5.428080558776855469e-01 8.337920904159545898e-01
9.776736497879028320e-01 6.496844291687011719e-01
1.765934228897094727e-01 4.408275187015533447e-01
9.590697288513183594e-01 5.285502672195434570e-01
9.736174345016479492e-01 5.907368659973144531e-01
9.041059762239456177e-03 1.285683214664459229e-01
1.302091628313064575e-01 2.695558220148086548e-02
7.690377235412597656e-01 7.363199591636657715e-01
6.552163958549499512e-01 4.737582504749298096e-01
3.854323923587799072e-01 5.825319886207580566e-01
5.498875677585601807e-02 2.921621501445770264e-01
6.782884001731872559e-01 3.424795567989349365e-01
6.100196242332458496e-01 4.771475493907928467e-01
8.024951815605163574e-01 4.065740406513214111e-01
-4.856136813759803772e-02 1.161332726478576660e-01
3.501886129379272461e-01 6.021923199295997620e-02
5.031812191009521484e-01 3.283192813396453857e-01
1.651846766471862793e-01 1.957047432661056519e-01
8.441246747970581055e-01 7.681446671485900879e-01
6.460886001586914062e-01 5.560434460639953613e-01
9.809819459915161133e-01 6.319673657417297363e-01
3.999624252319335938e-01 7.589511871337890625e-01
2.538741528987884521e-01 4.390547275543212891e-01
7.463905811309814453e-01 8.546503186225891113e-01
-5.019622445106506348e-01 3.095083534717559814e-01
9.823878407478332520e-01 6.506904959678649902e-01
-4.375777393579483032e-02 1.145348250865936279e-01
5.212291479110717773e-01 8.837938308715820312e-01
-7.237629294395446777e-01 5.459809899330139160e-01
9.592676758766174316e-01 2.203916013240814209e-01
7.482668757438659668e-01 6.786440610885620117e-01
2.258265167474746704e-01 3.861527442932128906e-01
3.081872165203094482e-01 5.728445053100585938e-01
-1.068357601761817932e-01 -2.814140319824218750e-01
9.205217957496643066e-01 9.181580543518066406e-01
5.541334152221679688e-01 9.175588488578796387e-01
-4.406786710023880005e-02 1.397118419408798218e-01
9.611878395080566406e-01 5.993252992630004883e-01
7.293936014175415039e-01 2.673404216766357422e-01
6.547272801399230957e-01 9.394755959510803223e-01
5.989179015159606934e-01 -1.286969780921936035e-01
-7.268776893615722656e-01 7.602335810661315918e-01
5.764505267143249512e-01 6.018469929695129395e-01
8.182015419006347656e-01 3.893177509307861328e-01
-9.560092538595199585e-02 2.608358561992645264e-01
-5.695986747741699219e-01 -2.852381020784378052e-02
2.112243622541427612e-01 -6.982489228248596191e-01
9.557322263717651367e-01 8.077148199081420898e-01
6.209749579429626465e-01 8.060656785964965820e-01
4.914925396442413330e-01 -1.221381686627864838e-02
9.997962117195129395e-01 8.127141594886779785e-01
6.311057806015014648e-01 2.163493633270263672e-01
-6.459332108497619629e-01 5.636928081512451172e-01
9.157168269157409668e-01 8.637261390686035156e-01
7.662801444530487061e-02 9.087684154510498047e-01
1.383036226034164429e-01 3.266034424304962158e-01
6.032304167747497559e-01 6.140802502632141113e-01
1.807219982147216797e-01 2.231149524450302124e-01
5.337617397308349609e-01 9.295258522033691406e-01
-1.500864028930664062e-01 2.837463319301605225e-01
9.623724818229675293e-01 2.061540186405181885e-01
-4.353805482387542725e-01 3.940835893154144287e-01
-7.475509643554687500e-01 7.692731022834777832e-01
1.740114241838455200e-01 5.011671185493469238e-01
-2.242715358734130859e-01 7.553019560873508453e-03
2.550073564052581787e-01 3.934340178966522217e-01
6.381359696388244629e-01 7.950784564018249512e-01
1.592030078172683716e-01 6.331579685211181641e-01
-8.257253468036651611e-02 -8.858387172222137451e-02
3.450966179370880127e-01 9.742341637611389160e-01
4.954903423786163330e-01 9.210947751998901367e-01
5.917533040046691895e-01 5.405932664871215820e-01
8.897289037704467773e-01 8.966851830482482910e-01
8.520504832267761230e-01 7.519321441650390625e-01
9.293271899223327637e-01 6.559370756149291992e-01
9.852341413497924805e-01 7.908031344413757324e-01
8.469476103782653809e-01 -3.679779171943664551e-02
4.726718664169311523e-01 4.734181165695190430e-01
4.073450863361358643e-01 6.958890557289123535e-01
-4.037711024284362793e-01 -6.314209848642349243e-02
7.058035135269165039e-01 8.641082048416137695e-01
3.132591247558593750e-01 6.244558691978454590e-01
9.179384708404541016e-01 5.155794024467468262e-01
4.171806871891021729e-01 6.729613542556762695e-01
-7.154135406017303467e-02 2.292041331529617310e-01
5.393802523612976074e-01 4.811225831508636475e-01
7.537946701049804688e-01 7.222833037376403809e-01
-1.755000054836273193e-01 7.445510625839233398e-01
6.992608904838562012e-01 6.978068947792053223e-01
7.317592501640319824e-01 5.055022835731506348e-01
4.725174009799957275e-01 5.253158211708068848e-01
4.464390575885772705e-01 4.248495101928710938e-01
7.223024368286132812e-01 8.192116022109985352e-01
7.665272355079650879e-01 5.779692530632019043e-01
8.773694634437561035e-01 6.109532117843627930e-01
2.517562806606292725e-01 -2.737852632999420166e-01
4.543909728527069092e-01 6.912962198257446289e-01
2.917650528252124786e-02 5.702582597732543945e-01
5.954269766807556152e-01 5.011113882064819336e-01
6.742631196975708008e-01 8.925402760505676270e-01
1.494187116622924805e-01 4.051672518253326416e-01
9.681361913681030273e-01 8.489135503768920898e-01
8.004876375198364258e-01 5.034061074256896973e-01
-2.527724802494049072e-01 4.009125232696533203e-01
8.734219670295715332e-01 8.925998806953430176e-01
9.210202097892761230e-01 2.375133931636810303e-01
9.056013822555541992e-01 6.963214278221130371e-01
5.337838530540466309e-01 7.768831849098205566e-01
5.481441617012023926e-01 4.612495005130767822e-01
-2.944228053092956543e-01 5.222033262252807617e-01
4.891327917575836182e-01 8.637902140617370605e-01
8.685418367385864258e-01 8.453603982925415039e-01
2.782156765460968018e-01 7.158609628677368164e-01
1.206549480557441711e-01 1.795915365219116211e-01
6.626463532447814941e-01 7.809474468231201172e-01
8.631423115730285645e-01 6.247615814208984375e-01
8.575752377510070801e-01 6.605345010757446289e-01
3.351475894451141357e-01 9.904753565788269043e-01
-1.355772465467453003e-01 6.351211667060852051e-01
7.057341337203979492e-01 -1.714017242193222046e-01
6.830953359603881836e-01 3.201854526996612549e-01
7.274904251098632812e-01 3.722089529037475586e-01
2.722255885601043701e-01 4.271872341632843018e-01
6.516373157501220703e-01 7.354159951210021973e-01
2.376717180013656616e-01 3.621370196342468262e-01
6.124192476272583008e-01 8.271125555038452148e-01
9.761419296264648438e-01 3.140746951103210449e-01
7.642966508865356445e-01 -1.001837030053138733e-01
9.949852228164672852e-01 9.019296169281005859e-01
9.082844257354736328e-01 9.874996542930603027e-02
7.888650149106979370e-02 -4.281621277332305908e-01
8.679376840591430664e-01 8.163517117500305176e-01
7.550103068351745605e-01 7.403025627136230469e-01
6.709840297698974609e-01 8.894866108894348145e-01
4.426225721836090088e-01 -1.379993706941604614e-01
8.914583325386047363e-01 3.358364105224609375e-01
5.887880325317382812e-01 2.643371522426605225e-01
2.180607467889785767e-01 -1.789030879735946655e-01
9.667973518371582031e-01 5.917682051658630371e-01
9.298211932182312012e-01 3.255033195018768311e-01
7.621130347251892090e-01 9.387089014053344727e-01
4.437260329723358154e-01 3.055447638034820557e-01
7.543866634368896484e-01 8.024465441703796387e-01
1.861750930547714233e-01 2.559445500373840332e-01
3.947130441665649414e-01 7.802940011024475098e-01
7.585489153861999512e-01 3.050736188888549805e-01
9.867232441902160645e-01 6.544646024703979492e-01
3.594756722450256348e-01 4.317692220211029053e-01
5.032187700271606445e-02 6.863659024238586426e-01
-1.100347042083740234e-01 9.157957881689071655e-02
2.616182267665863037e-01 8.776114583015441895e-01
1.237652748823165894e-01 7.323430776596069336e-01
6.078502535820007324e-01 8.243227601051330566e-01
7.191148400306701660e-01 8.951977491378784180e-01
8.142793774604797363e-01 -1.455869376659393311e-01
9.857027530670166016e-01 8.588453531265258789e-01
-6.298468708992004395e-01 3.981646001338958740e-01
3.018563687801361084e-01 8.706279397010803223e-01
9.429134130477905273e-01 4.289927780628204346e-01
3.826668858528137207e-01 8.338272571563720703e-01
2.963680028915405273e-01 8.286690115928649902e-01
4.542527496814727783e-01 8.972108364105224609e-01
9.909724593162536621e-01 6.447520256042480469e-01
4.395337998867034912e-01 7.597182393074035645e-01
5.043557286262512207e-01 4.548033475875854492e-01
8.015555739402770996e-01 3.124979436397552490e-01
5.653834342956542969e-01 1.787423491477966309e-01
4.533661007881164551e-01 2.102174460887908936e-01
4.216386675834655762e-01 2.903647907078266144e-02
8.626501560211181641e-01 7.342829704284667969e-01
-4.878409802913665771e-01 1.160729527473449707e-01
9.658998250961303711e-01 4.164314270019531250e-01
2.642774283885955811e-01 3.406822085380554199e-01
5.568271279335021973e-01 9.595842957496643066e-01
8.922749161720275879e-01 1.915842443704605103e-01
4.483464360237121582e-01 9.688335657119750977e-01
9.447597861289978027e-01 7.144333720207214355e-01
-5.431132912635803223e-01 -4.803442060947418213e-01
6.964473426342010498e-02 6.881765127182006836e-01
-9.806136488914489746e-01 -5.617664456367492676e-01
8.695442080497741699e-01 3.585914373397827148e-01
8.404106497764587402e-01 5.814480185508728027e-01
6.726331710815429688e-01 8.736844658851623535e-01
2.110142558813095093e-01 8.142751455307006836e-01
8.904206156730651855e-01 4.909208714962005615e-01
1.044420599937438965e-01 2.715995013713836670e-01
5.480865836143493652e-01 8.848398923873901367e-01
8.705366849899291992e-01 3.097320795059204102e-01
8.845258355140686035e-01 8.671289682388305664e-01
8.008377552032470703e-01 5.194399952888488770e-01
1.053378432989120483e-01 2.288593053817749023e-01
3.050582110881805420e-01 2.888975739479064941e-01
9.324737787246704102e-01 8.729478120803833008e-01
6.332777738571166992e-01 6.959123015403747559e-01
9.629832506179809570e-01 5.947791934013366699e-01
9.818930029869079590e-01 5.993282198905944824e-01
7.178202867507934570e-01 7.938175201416015625e-01
9.360319972038269043e-01 6.140422224998474121e-01
7.333205342292785645e-01 6.934095919132232666e-02
9.860786199569702148e-01 6.449044942855834961e-01
7.256771922111511230e-01 8.002237081527709961e-01
9.847916960716247559e-01 8.170825242996215820e-01
9.386162757873535156e-01 8.146931529045104980e-01
9.140051603317260742e-01 4.930619597434997559e-01
9.052882194519042969e-01 5.734770894050598145e-01
9.880223870277404785e-01 5.312667489051818848e-01
-3.526210188865661621e-01 6.660873889923095703e-01
9.267807006835937500e-01 5.924267172813415527e-01
-8.050372004508972168e-01 5.422930121421813965e-01
8.984351158142089844e-01 6.449434757232666016e-01
3.678588569164276123e-01 7.342844605445861816e-01
1.978103220462799072e-01 4.299051593989133835e-03
8.267517089843750000e-01 9.058787822723388672e-01
-5.934596061706542969e-01 -6.486606597900390625e-01
-4.802950024604797363e-01 -5.680568218231201172e-01
5.520634651184082031e-01 8.625530600547790527e-01
-4.417265355587005615e-01 5.325361490249633789e-01
9.839550256729125977e-01 6.863136291503906250e-01
8.599432706832885742e-01 7.887799143791198730e-01
8.032036423683166504e-01 8.444203734397888184e-01
2.277553528547286987e-01 4.798130989074707031e-01
7.881728410720825195e-01 7.984037399291992188e-01
5.042055845260620117e-01 6.099071502685546875e-01
6.392964124679565430e-01 8.886902928352355957e-01
-6.214451789855957031e-01 6.084693074226379395e-01
3.110041022300720215e-01 7.376433014869689941e-01
7.571125626564025879e-01 6.448388695716857910e-01
8.056935071945190430e-01 8.873638510704040527e-01
-3.136958181858062744e-01 2.289339601993560791e-01
6.716174483299255371e-01 7.553411722183227539e-01
9.000096917152404785e-01 8.841038346290588379e-01
9.752199053764343262e-01 6.545655727386474609e-01
9.063673615455627441e-01 6.178607344627380371e-01
4.780804216861724854e-01 4.865082725882530212e-02
6.010687351226806641e-01 8.664698600769042969e-01
8.155051469802856445e-01 6.844508051872253418e-01
7.436013221740722656e-01 7.646619677543640137e-01
7.719925642013549805e-01 4.626454412937164307e-01
5.110848546028137207e-01 6.225774884223937988e-01
9.362121224403381348e-01 7.236809134483337402e-01
9.184439182281494141e-01 5.714578032493591309e-01
8.975133299827575684e-01 9.328718185424804688e-01
4.148994386196136475e-01 6.714806556701660156e-01
8.939296603202819824e-01 5.181439518928527832e-01
-1.313068568706512451e-01 3.703110516071319580e-01
2.149549871683120728e-02 1.741736084222793579e-01
9.214472770690917969e-01 9.324251413345336914e-01
8.538470864295959473e-01 5.691229104995727539e-01
4.213439226150512695e-01 4.367030262947082520e-01
6.499011516571044922e-01 -4.915224015712738037e-02
-4.072353839874267578e-01 -7.535867691040039062e-01
5.763406753540039062e-01 3.167249858379364014e-01
-2.157114744186401367e-01 -3.637342453002929688e-01
2.135354653000831604e-02 3.815312683582305908e-01
6.695819497108459473e-01 8.154998421669006348e-01
8.724768161773681641e-01 6.399607658386230469e-01
2.653494775295257568e-01 8.475117087364196777e-01
4.470936655998229980e-01 6.129887104034423828e-01
7.442305684089660645e-01 9.071354269981384277e-01
7.245863676071166992e-01 7.128354310989379883e-01
6.992452144622802734e-01 9.668043255805969238e-01
-4.881097972393035889e-01 -3.074077963829040527e-01
-7.294725179672241211e-01 -6.242529749870300293e-01
8.920550346374511719e-01 8.773509263992309570e-01
9.396526217460632324e-01 8.899520039558410645e-01
1.195253431797027588e-01 -3.727985620498657227e-01
7.644087672233581543e-01 4.799837172031402588e-01
3.712393641471862793e-01 -7.858622074127197266e-02
9.925747513771057129e-01 6.483113765716552734e-01
-1.019131485372781754e-02 5.940710306167602539e-01
5.784777998924255371e-01 1.159603744745254517e-01
-3.178447186946868896e-01 8.720838427543640137e-01
4.079131484031677246e-01 5.809131860733032227e-01
8.922644257545471191e-01 5.435221791267395020e-01
8.928129673004150391e-01 3.524506092071533203e-01
8.360845446586608887e-01 5.594303011894226074e-01
4.478615820407867432e-01 7.622794508934020996e-01
-5.971693992614746094e-01 4.225628674030303955e-01
-1.706533133983612061e-02 4.107125997543334961e-01
9.496576786041259766e-01 7.037094831466674805e-01
3.843233883380889893e-01 4.924748837947845459e-01
8.481357693672180176e-01 8.371230959892272949e-01
7.929075360298156738e-01 7.487303018569946289e-01
9.636317491531372070e-01 5.711641907691955566e-01
-9.937086105346679688e-01 -6.893544793128967285e-01
9.129963517189025879e-01 5.394850969314575195e-01
9.242467284202575684e-01 5.296877026557922363e-01
7.913070321083068848e-01 6.333736181259155273e-01
7.577384114265441895e-01 8.127139210700988770e-01
3.623235225677490234e-01 4.873465001583099365e-01
-4.759783148765563965e-01 3.865026533603668213e-01
-7.208684682846069336e-01 -5.340249538421630859e-01
7.860052585601806641e-01 6.738513708114624023e-01
6.191294193267822266e-01 6.709364652633666992e-01
9.842656552791595459e-02 1.848407983779907227e-01
7.891556620597839355e-01 3.625238537788391113e-01
8.772714138031005859e-01 7.511742115020751953e-01
9.485095739364624023e-01 6.030394434928894043e-01
9.162985682487487793e-01 4.264619350433349609e-01
3.842369318008422852e-01 9.001809358596801758e-01
-3.734091222286224365e-01 9.254050441086292267e-03
7.651117444038391113e-01 9.182423353195190430e-01
-6.644398719072341919e-02 3.894619941711425781e-01
7.951899766921997070e-01 6.426801681518554688e-01
9.743489027023315430e-01 6.603146195411682129e-01
2.096649259328842163e-01 -3.919325172901153564e-01
6.131180524826049805e-01 2.431348115205764771e-01
8.642718195915222168e-01 7.875254750251770020e-01
3.527526855468750000e-01 6.803924441337585449e-01
7.200751304626464844e-01 3.057231893762946129e-03
-9.410300850868225098e-01 6.526139974594116211e-01
8.653541207313537598e-01 3.910695910453796387e-01
9.714485406875610352e-01 6.397202014923095703e-01
9.336101412773132324e-01 8.277809023857116699e-01
8.499051928520202637e-01 7.549450993537902832e-01
9.414545297622680664e-01 8.658229708671569824e-01
2.427997440099716187e-01 3.626537621021270752e-01
3.839479684829711914e-01 4.268122911453247070e-01
9.951795339584350586e-01 6.031417846679687500e-01
-1.385610997676849365e-01 2.717860043048858643e-01
-5.572741627693176270e-01 1.892626583576202393e-01
9.588896036148071289e-01 7.256805300712585449e-01
7.763112783432006836e-01 -4.222359657287597656e-01
2.388462424278259277e-02 3.189661204814910889e-01
9.107540845870971680e-01 7.808551192283630371e-01
6.971743106842041016e-01 9.642367362976074219e-01
9.106463193893432617e-01 9.069787859916687012e-01
-8.015300631523132324e-01 7.555578947067260742e-01
6.613484025001525879e-01 5.787053704261779785e-01
2.480091452598571777e-01 -1.412052363157272339e-01
3.216187059879302979e-01 2.723970413208007812e-01
3.761047720909118652e-01 8.114349842071533203e-01
7.144408226013183594e-01 7.701233625411987305e-01
6.624280810356140137e-01 7.664786577224731445e-01
6.346718072891235352e-01 3.253878653049468994e-01
7.365131974220275879e-01 2.786037325859069824e-01
6.695297956466674805e-01 9.101749658584594727e-01
-8.803681731224060059e-01 -5.904987454414367676e-01
9.007541537284851074e-01 6.449361443519592285e-01
6.280155181884765625e-01 6.997385025024414062e-01
7.419251203536987305e-01 4.599845707416534424e-01
-6.282387971878051758e-01 -2.625672519207000732e-01
8.288420438766479492e-01 4.869768619537353516e-01
7.361228466033935547e-01 2.706450819969177246e-01
3.444533050060272217e-01 4.443745315074920654e-01
6.740955710411071777e-01 6.997946500778198242e-01
3.005813360214233398e-01 8.777422308921813965e-01
3.010238111019134521e-01 3.935380578041076660e-01
-5.423335731029510498e-02 2.725345492362976074e-01
8.848685026168823242e-01 8.093344569206237793e-01
9.889491200447082520e-01 6.252217292785644531e-01
5.698078274726867676e-01 8.133614063262939453e-01
5.970293879508972168e-01 2.796290814876556396e-01
-5.962884426116943359e-01 5.929840207099914551e-01
1.106197312474250793e-01 1.427081413567066193e-02
5.141017436981201172e-01 2.192810177803039551e-02
9.341391921043395996e-01 6.868337988853454590e-01
5.754436850547790527e-01 4.106197655200958252e-01
7.142499089241027832e-01 2.326987832784652710e-01
6.531813740730285645e-01 8.882537484169006348e-01
5.122527480125427246e-01 4.940925836563110352e-01
6.765474379062652588e-02 1.404489278793334961e-01
9.697784781455993652e-01 5.963569283485412598e-01
5.049738883972167969e-01 3.926018178462982178e-01
4.858472570776939392e-02 8.156230300664901733e-02
-1.230845227837562561e-01 2.105740755796432495e-01
9.332006573677062988e-01 5.866841673851013184e-01
7.894600629806518555e-01 6.909684538841247559e-01
4.188477396965026855e-01 8.361147642135620117e-01
6.908881664276123047e-01 4.446591436862945557e-01
9.965025186538696289e-01 7.996780276298522949e-01
-5.252698063850402832e-01 3.789913952350616455e-01
3.480708897113800049e-01 4.966915845870971680e-01
7.183815836906433105e-01 7.725357413291931152e-01
7.945402860641479492e-01 7.642641663551330566e-01
8.756368756294250488e-01 4.129008948802947998e-01
9.166328310966491699e-01 4.926125109195709229e-01
9.363235235214233398e-01 4.341613650321960449e-01
-2.315174043178558350e-01 1.150086000561714172e-01
6.625381112098693848e-01 4.875653982162475586e-01
5.298084616661071777e-01 7.124220728874206543e-01
9.626456499099731445e-01 8.331711888313293457e-01
3.091657161712646484e-01 3.398646712303161621e-01
9.064078330993652344e-01 5.552819967269897461e-01
-1.250980645418167114e-01 5.594052746891975403e-02
5.942983031272888184e-01 8.000628352165222168e-01
7.099977731704711914e-01 -6.053381562232971191e-01
-2.463527917861938477e-01 -4.082644581794738770e-01
-9.209575653076171875e-01 5.878322720527648926e-01
8.591524958610534668e-01 6.235110759735107422e-01
-4.040877521038055420e-01 2.942897379398345947e-01
8.826237320899963379e-01 4.706082940101623535e-01
5.126462131738662720e-02 1.994051486253738403e-01
4.092835485935211182e-01 5.891356468200683594e-01
2.580522000789642334e-01 5.291916131973266602e-01
-2.119010090827941895e-01 2.104185074567794800e-01
4.303931593894958496e-01 5.941620469093322754e-01
6.835626959800720215e-01 2.274236381053924561e-01
2.988199889659881592e-01 -1.981582790613174438e-01
9.921134114265441895e-01 2.145730853080749512e-01
3.187860250473022461e-01 6.321113705635070801e-01
5.849544405937194824e-01 3.160474896430969238e-01
5.589162111282348633e-01 6.666559576988220215e-01
9.072436392307281494e-02 6.311528086662292480e-01
-1.208129152655601501e-01 -3.683102503418922424e-02
-5.527985692024230957e-01 1.503877043724060059e-01
8.521248698234558105e-01 4.245557487010955811e-01
9.843063354492187500e-01 6.492344737052917480e-01
8.258824050426483154e-02 5.006360411643981934e-01
-2.944623529911041260e-01 4.472084045410156250e-01
6.783108115196228027e-01 8.654044270515441895e-01
8.309934735298156738e-01 9.360034465789794922e-01
4.166907668113708496e-01 5.720628499984741211e-01
3.554546236991882324e-01 7.571895718574523926e-01
-8.757193088531494141e-01 -5.251938700675964355e-01
8.556799888610839844e-01 6.076580882072448730e-01
9.007044434547424316e-01 6.488168239593505859e-01
8.918666243553161621e-01 7.707980871200561523e-01
6.125368475914001465e-01 7.434870600700378418e-01
5.171962976455688477e-01 4.411595761775970459e-01
6.808589696884155273e-01 7.946237325668334961e-01
8.233662843704223633e-01 8.603662252426147461e-01
-7.249174267053604126e-02 -4.410579502582550049e-01
9.016642570495605469e-01 8.534738421440124512e-01
9.602046012878417969e-01 7.008143067359924316e-01
6.800335049629211426e-01 8.715555071830749512e-01
9.149317741394042969e-01 8.259395360946655273e-01
4.271485805511474609e-01 9.285164475440979004e-01
-1.298831105232238770e-01 2.375272363424301147e-01
5.933141708374023438e-01 7.606737613677978516e-01
