5.655157566070556641e-01 3.269807696342468262e-01
3.601160645484924316e-01 3.755685091018676758e-01
5.596688389778137207e-01 4.400695860385894775e-01
6.355736255645751953e-01 4.801336228847503662e-01
5.770763754844665527e-01 3.229215741157531738e-01
5.983281731605529785e-01 4.919605255126953125e-01
5.798670053482055664e-01 3.287432193756103516e-01
4.750276505947113037e-01 4.563229084014892578e-01
6.223123669624328613e-01 4.798091351985931396e-01
4.872698187828063965e-01 5.217174887657165527e-01
3.058556234464049339e-03 7.400513291358947754e-01
4.855019450187683105e-01 5.691346526145935059e-01
7.452459931373596191e-01 2.498894482851028442e-01
4.780917167663574219e-01 2.650736272335052490e-01
5.858372449874877930e-01 2.996159493923187256e-01
1.016182824969291687e-01 6.514430046081542969e-01
6.186794638633728027e-01 4.859067499637603760e-01
4.502729773521423340e-01 4.389841556549072266e-01
1.592379361391067505e-01 6.012529730796813965e-01
4.195606410503387451e-01 2.861928939819335938e-01
5.918650031089782715e-01 3.398729860782623291e-01
5.360956788063049316e-01 2.863154411315917969e-01
5.786187052726745605e-01 1.928066760301589966e-01
4.116753339767456055e-01 5.015333890914916992e-01
5.582930445671081543e-01 3.427242040634155273e-01
6.105259060859680176e-01 2.556252479553222656e-01
6.179713010787963867e-01 4.620400667190551758e-01
8.343895077705383301e-01 2.405129522085189819e-01
2.772892117500305176e-01 2.943871617317199707e-01
5.899207592010498047e-01 5.017871856689453125e-01
4.791384935379028320e-01 4.383203983306884766e-01
4.426969885826110840e-01 3.349954187870025635e-01
5.246498584747314453e-01 4.906965494155883789e-01
4.196055531501770020e-01 5.386303663253784180e-01
5.360835194587707520e-01 2.503168880939483643e-01
6.097251176834106445e-01 4.696440100669860840e-01
1.596341729164123535e-01 6.302913427352905273e-01
6.681033968925476074e-01 4.793739914894104004e-01
4.582425951957702637e-01 2.759272158145904541e-01
4.240157306194305420e-01 4.925206303596496582e-01
5.619366168975830078e-01 3.097556829452514648e-01
1.428575664758682251e-01 5.724057555198669434e-01
4.128235876560211182e-01 3.353248238563537598e-01
8.153530955314636230e-01 2.461753189563751221e-01
4.262759089469909668e-01 5.485141277313232422e-01
3.367944359779357910e-01 3.890815079212188721e-01
4.398872852325439453e-01 4.709114730358123779e-01
8.899019956588745117e-01 2.301087081432342529e-01
4.504114389419555664e-01 3.356661796569824219e-01
1.572922468185424805e-01 6.568556427955627441e-01
4.297833144664764404e-01 5.105412006378173828e-01
-3.535272777080535889e-01 1.750736087560653687e-01
5.466974973678588867e-01 3.182660043239593506e-01
5.997771024703979492e-01 4.650004804134368896e-01
4.284501075744628906e-01 3.043430149555206299e-01
5.649020671844482422e-01 2.665058076381683350e-01
3.662790656089782715e-01 3.262112736701965332e-01
8.203856348991394043e-01 2.384990006685256958e-01
1.722753494977951050e-01 4.355168342590332031e-01
7.305947542190551758e-01 2.204837054014205933e-01
3.492124080657958984e-01 3.431948721408843994e-01
3.694078028202056885e-01 3.355709314346313477e-01
-5.685497820377349854e-02 7.262276411056518555e-01
4.079947769641876221e-01 5.404478311538696289e-01
-5.824150443077087402e-01 -8.206354379653930664e-01
1.423285156488418579e-01 6.402878165245056152e-01
3.851583600044250488e-01 2.309416532516479492e-01
3.091217577457427979e-01 3.562155663967132568e-01
3.153124451637268066e-01 5.279762148857116699e-01
4.930118620395660400e-01 2.935736179351806641e-01
6.347106695175170898e-01 4.770857691764831543e-01
-4.380104839801788330e-01 1.548383384943008423e-01
4.854942560195922852e-01 2.549360692501068115e-01
6.061913371086120605e-01 4.824580848217010498e-01
4.093026816844940186e-01 5.788428783416748047e-01
3.635348677635192871e-01 3.522861301898956299e-01
6.124074459075927734e-01 4.860700070858001709e-01
3.325659632682800293e-01 2.521650493144989014e-01
5.960680842399597168e-01 4.632627367973327637e-01
5.738105773925781250e-01 4.462514519691467285e-01
5.010958313941955566e-01 3.268901109695434570e-01
1.263415068387985229e-01 5.793769955635070801e-01
5.952627658843994141e-01 3.337567150592803955e-01
-4.012515842914581299e-01 -1.556769460439682007e-01
5.340331196784973145e-01 4.315283000469207764e-01
8.386900424957275391e-01 2.174846231937408447e-01
-3.227280825376510620e-02 7.996136546134948730e-01
-5.838955044746398926e-01 2.275975048542022705e-01
4.066305160522460938e-01 3.528727293014526367e-01
4.286279678344726562e-01 3.342528939247131348e-01
5.535566806793212891e-01 4.448751509189605713e-01
3.919435739517211914e-01 5.587031245231628418e-01
6.219819784164428711e-01 4.795669019222259521e-01
6.266047954559326172e-01 4.735489785671234131e-01
6.407831311225891113e-01 3.388987183570861816e-01
5.855429768562316895e-01 4.512176513671875000e-01
4.782521128654479980e-01 6.017531156539916992e-01
5.137770175933837891e-01 4.621796011924743652e-01
5.934174656867980957e-01 4.898110032081604004e-01
4.034526348114013672e-01 6.001114249229431152e-01
4.950416088104248047e-01 4.188646078109741211e-01
3.992786705493927002e-01 4.535335898399353027e-01
4.203045964241027832e-01 6.202118396759033203e-01
4.090254008769989014e-01 5.236207842826843262e-01
-2.286263853311538696e-01 -4.634823501110076904e-01
8.261713981628417969e-01 2.632381021976470947e-01
5.880451798439025879e-01 4.991889297962188721e-01
5.724095702171325684e-01 3.253286182880401611e-01
6.018737554550170898e-01 2.811331450939178467e-01
7.303432226181030273e-01 2.349976152181625366e-01
4.252829775214195251e-02 5.122952461242675781e-01
5.460820198059082031e-01 2.331167012453079224e-01
5.059836506843566895e-01 4.764239192008972168e-01
2.768905460834503174e-01 2.096916437149047852e-01
3.906016945838928223e-01 5.547913908958435059e-01
1.049384698271751404e-01 6.220002770423889160e-01
4.727995991706848145e-01 4.605365991592407227e-01
5.775590538978576660e-01 4.482364058494567871e-01
4.362517595291137695e-01 5.877625942230224609e-01
5.703566074371337891e-01 4.990066587924957275e-01
5.180490016937255859e-01 3.169946968555450439e-01
5.921344757080078125e-01 4.555774033069610596e-01
5.762484669685363770e-01 4.473410844802856445e-01
5.141292810440063477e-01 4.810409545898437500e-01
5.870091319084167480e-01 3.366046845912933350e-01
-5.664355307817459106e-02 6.125978827476501465e-01
5.517747402191162109e-01 4.757455885410308838e-01
4.618996679782867432e-01 4.634358584880828857e-01
4.566407799720764160e-01 5.412502288818359375e-01
5.534727573394775391e-01 6.329293251037597656e-01
-2.832334116101264954e-02 4.208028316497802734e-01
4.745469987392425537e-01 2.639250159263610840e-01
4.931627213954925537e-01 3.181553483009338379e-01
6.147947311401367188e-01 4.900011122226715088e-01
5.390567183494567871e-01 4.373589754104614258e-01
4.487524330615997314e-01 5.534242391586303711e-01
4.725130498409271240e-01 4.313993453979492188e-01
2.842433452606201172e-01 1.169007122516632080e-01
4.600580036640167236e-01 2.595924735069274902e-01
-3.305677771568298340e-01 2.885899543762207031e-01
4.095843136310577393e-01 6.012774109840393066e-01
5.257971882820129395e-01 4.273053407669067383e-01
6.219891905784606934e-01 3.229090273380279541e-01
4.311685562133789062e-01 4.119842648506164551e-01
4.645100831985473633e-01 3.080120086669921875e-01
-2.761867940425872803e-01 -4.132695496082305908e-01
4.065901637077331543e-01 3.011667132377624512e-01
5.286533236503601074e-01 4.276321232318878174e-01
-1.841846108436584473e-02 7.694340348243713379e-01
4.354600012302398682e-01 5.507580637931823730e-01
6.558648496866226196e-02 5.023472905158996582e-01
6.240500211715698242e-01 4.713451564311981201e-01
3.787623941898345947e-01 5.734416842460632324e-01
5.288969278335571289e-01 4.323107898235321045e-01
6.003323793411254883e-01 4.575833976268768311e-01
6.237116456031799316e-01 4.659935534000396729e-01
2.914772927761077881e-02 3.820306956768035889e-01
4.731930792331695557e-01 4.314463138580322266e-01
4.816699326038360596e-01 4.392955303192138672e-01
4.346400797367095947e-01 4.567826092243194580e-01
6.118197441101074219e-01 3.388732969760894775e-01
4.182379245758056641e-01 4.801780581474304199e-01
5.723101496696472168e-01 3.409457802772521973e-01
5.494152307510375977e-01 2.802866995334625244e-01
-1.037960425019264221e-01 -3.523739054799079895e-02
6.201596856117248535e-01 2.158385068178176880e-01
-3.111965060234069824e-01 1.657589823007583618e-01
4.142520427703857422e-01 5.276968479156494141e-01
5.601598620414733887e-01 3.252227902412414551e-01
5.819812417030334473e-01 4.857056736946105957e-01
6.307411789894104004e-01 4.776000082492828369e-01
6.342235207557678223e-01 4.746594429016113281e-01
5.564650893211364746e-01 4.356870949268341064e-01
5.777958631515502930e-01 4.470812678337097168e-01
-9.282200038433074951e-02 6.671144366264343262e-01
6.178404092788696289e-01 5.006148815155029297e-01
4.720470905303955078e-01 4.135913848876953125e-01
5.148400664329528809e-01 4.388959109783172607e-01
6.075690984725952148e-01 4.847726821899414062e-01
4.210331439971923828e-01 5.140293836593627930e-01
5.269608497619628906e-01 4.247305691242218018e-01
6.099343895912170410e-01 4.721488356590270996e-01
6.347416043281555176e-01 2.118194997310638428e-01
4.367987513542175293e-01 4.783344566822052002e-01
5.487447977066040039e-01 3.449296057224273682e-01
3.964102268218994141e-01 5.737643837928771973e-01
-5.337212700396776199e-03 4.795419573783874512e-01
5.593318343162536621e-01 4.399437606334686279e-01
5.451496243476867676e-01 3.381036818027496338e-01
5.831803679466247559e-01 4.905726611614227295e-01
5.747834444046020508e-01 2.890224456787109375e-01
6.086371541023254395e-01 4.607200920581817627e-01
5.815998315811157227e-01 4.528053998947143555e-01
5.541176199913024902e-01 2.789480984210968018e-01
5.187644958496093750e-01 3.259713351726531982e-01
4.248928725719451904e-01 4.844270050525665283e-01
4.651981890201568604e-01 4.114108085632324219e-01
4.347418248653411865e-01 3.067620098590850830e-01
5.491438508033752441e-01 2.856935858726501465e-01
5.248216986656188965e-01 2.771724164485931396e-01
6.053234934806823730e-01 3.171875774860382080e-01
-4.912156760692596436e-01 -8.279280364513397217e-02
4.649706184864044189e-01 4.733321368694305420e-01
7.851942181587219238e-01 2.429856359958648682e-01
3.331355750560760498e-01 2.645336389541625977e-01
5.156071186065673828e-01 2.386261522769927979e-01
9.219085574150085449e-01 1.507078558206558228e-01
5.585528612136840820e-01 4.464044868946075439e-01
9.570296108722686768e-02 6.275423765182495117e-01
4.566198289394378662e-01 4.275915324687957764e-01
4.047352448105812073e-02 6.439005732536315918e-01
5.636159777641296387e-01 4.413153827190399170e-01
4.386470317840576172e-01 3.358342349529266357e-01
4.825601875782012939e-01 2.916597127914428711e-01
4.873002767562866211e-01 4.543177485466003418e-01
-4.028166532516479492e-01 -7.285150140523910522e-02
4.755721986293792725e-01 2.864753305912017822e-01
3.513873517513275146e-01 5.096425414085388184e-01
4.361536502838134766e-01 4.960494637489318848e-01
5.593805909156799316e-01 2.499549537897109985e-01
5.769309401512145996e-01 3.069860637187957764e-01
3.629610538482666016e-01 4.355186522006988525e-01
4.416192770004272461e-01 2.568226456642150879e-01
5.455495119094848633e-01 3.379317522048950195e-01
4.677807986736297607e-01 4.567066431045532227e-01
9.311638027429580688e-02 6.833454966545104980e-01
5.304016470909118652e-01 3.208806514739990234e-01
1.174672041088342667e-02 4.551722407341003418e-01
4.923621714115142822e-01 3.366833329200744629e-01
8.505459427833557129e-01 2.218521833419799805e-01
6.039889454841613770e-01 4.835123121738433838e-01
5.705941915512084961e-01 3.026557266712188721e-01
4.870279133319854736e-01 4.156120717525482178e-01
3.583508729934692383e-01 3.567361831665039062e-01
4.977027177810668945e-01 2.986654937267303467e-01
1.457048207521438599e-01 4.556424021720886230e-01
6.160138249397277832e-01 3.366070985794067383e-01
4.731244593858718872e-02 5.715824365615844727e-01
5.717730522155761719e-01 2.800494134426116943e-01
5.186157226562500000e-01 3.325451314449310303e-01
4.088885188102722168e-01 4.988548159599304199e-01
-2.989215850830078125e-01 1.663212627172470093e-01
6.385238170623779297e-01 3.507655858993530273e-01
6.081827878952026367e-01 4.897489845752716064e-01
4.343638718128204346e-01 4.890280365943908691e-01
8.140325546264648438e-01 2.401212900876998901e-01
6.081461906433105469e-01 4.583654105663299561e-01
5.474223494529724121e-01 4.354578554630279541e-01
-1.765588670969009399e-01 7.884303927421569824e-01
-4.154042601585388184e-01 -7.076880931854248047e-01
4.630248248577117920e-01 4.695474505424499512e-01
5.963396430015563965e-01 4.858702719211578369e-01
1.574272215366363525e-01 6.243059635162353516e-01
9.177787899971008301e-01 2.346238791942596436e-01
5.349952578544616699e-01 2.575219273567199707e-01
4.366298317909240723e-01 5.357826352119445801e-01
-1.770454198122024536e-01 -3.022325038909912109e-01
5.873456597328186035e-01 4.764035940170288086e-01
4.407512843608856201e-01 4.237723946571350098e-01
6.555123329162597656e-01 2.548150718212127686e-01
3.560514450073242188e-01 4.609725773334503174e-01
5.072332024574279785e-01 3.398060500621795654e-01
4.370731413364410400e-01 2.699913084506988525e-01
5.591726899147033691e-01 4.617882966995239258e-01
4.893640577793121338e-01 3.291701376438140869e-01
8.659510612487792969e-01 2.332868278026580811e-01
3.153676986694335938e-01 6.597579121589660645e-01
3.564492464065551758e-01 2.761754989624023438e-01
4.586375057697296143e-01 4.634987115859985352e-01
3.703145682811737061e-01 5.490867495536804199e-01
-6.458390951156616211e-01 2.524879574775695801e-01
1.909133642911911011e-01 3.658587336540222168e-01
8.594021946191787720e-02 8.040202260017395020e-01
5.693665742874145508e-01 5.986965894699096680e-01
6.290029287338256836e-01 4.882101416587829590e-01
6.024264097213745117e-01 4.627473056316375732e-01
5.310425758361816406e-01 6.676672101020812988e-01
-6.000050902366638184e-01 3.423774540424346924e-01
7.774984240531921387e-01 2.500515282154083252e-01
3.131512403488159180e-01 4.955257177352905273e-01
6.275907754898071289e-01 4.837415516376495361e-01
4.228752851486206055e-01 4.057837128639221191e-01
5.550770759582519531e-01 4.422617256641387939e-01
-2.581230998039245605e-01 9.106587171554565430e-01
3.873577415943145752e-01 5.752999782562255859e-01
-4.381118416786193848e-01 1.270444095134735107e-01
8.836589455604553223e-01 1.910093277692794800e-01
4.393701553344726562e-01 4.229102134704589844e-01
-1.300804466009140015e-01 -3.303804397583007812e-01
4.420489668846130371e-01 3.377327322959899902e-01
1.400578767061233521e-01 6.339460015296936035e-01
5.712291598320007324e-01 4.456939995288848877e-01
4.338084757328033447e-01 2.466451227664947510e-01
4.058860540390014648e-01 2.954734265804290771e-01
5.977314710617065430e-02 7.964797019958496094e-01
6.005163192749023438e-01 4.626692831516265869e-01
7.042784690856933594e-01 2.344937324523925781e-01
5.498680472373962402e-01 3.391942977905273438e-01
9.721078872680664062e-01 1.434791982173919678e-01
4.782826900482177734e-01 3.375776708126068115e-01
3.960227668285369873e-01 6.092838644981384277e-01
4.733671844005584717e-01 5.565635561943054199e-01
3.617722094058990479e-01 2.842621207237243652e-01
4.570483267307281494e-01 2.338509112596511841e-01
6.103480458259582520e-01 4.950376152992248535e-01
6.458132863044738770e-01 4.648309648036956787e-01
-8.830787539482116699e-01 3.410426974296569824e-01
3.305846154689788818e-01 1.888628154993057251e-01
4.428077340126037598e-01 3.351076245307922363e-01
6.014422178268432617e-01 4.747782945632934570e-01
3.170846104621887207e-01 6.021051406860351562e-01
5.004530549049377441e-01 4.210621714591979980e-01
3.671336770057678223e-01 2.319922745227813721e-01
5.057853460311889648e-01 2.439512610435485840e-01
4.155681431293487549e-01 4.101200997829437256e-01
-5.527543276548385620e-02 3.294512927532196045e-01
-4.513938128948211670e-01 -7.395895570516586304e-02
5.373153686523437500e-01 3.321710228919982910e-01
-7.003146456554532051e-04 8.060817122459411621e-01
5.664757490158081055e-01 3.352708816528320312e-01
5.385700464248657227e-01 3.311615884304046631e-01
5.037512183189392090e-01 2.885749042034149170e-01
9.693635255098342896e-02 7.521912455558776855e-01
4.990554153919219971e-01 2.601536810398101807e-01
8.479392528533935547e-01 2.328010052442550659e-01
4.663667976856231689e-01 6.687156558036804199e-01
-3.762573376297950745e-02 3.912032246589660645e-01
3.701461255550384521e-01 2.548619210720062256e-01
5.206846594810485840e-01 2.976967394351959229e-01
-3.191857933998107910e-01 8.718939423561096191e-01
6.239127516746520996e-01 4.750910997390747070e-01
6.082834601402282715e-01 4.941691756248474121e-01
3.752162158489227295e-01 3.531147241592407227e-01
-2.872152030467987061e-01 8.221794962882995605e-01
4.978857040405273438e-01 4.563331604003906250e-01
-9.418681263923645020e-02 6.832091808319091797e-01
6.240567564964294434e-01 4.715945124626159668e-01
6.658506989479064941e-01 4.736083447933197021e-01
4.525158405303955078e-01 4.722065031528472900e-01
3.794730007648468018e-01 5.384340286254882812e-01
5.500618815422058105e-01 3.059439957141876221e-01
5.935415029525756836e-01 4.567786455154418945e-01
-1.293862760066986084e-01 -1.576959490776062012e-01
-8.474414795637130737e-02 2.495659291744232178e-01
5.489022135734558105e-01 2.857128381729125977e-01
4.484189450740814209e-01 4.217927753925323486e-01
6.173650622367858887e-01 3.208181560039520264e-01
9.367720782756805420e-02 7.374644875526428223e-01
5.890929102897644043e-01 3.254738152027130127e-01
5.456354618072509766e-01 3.415560722351074219e-01
6.122081279754638672e-01 4.881897866725921631e-01
4.509440958499908447e-01 5.508100986480712891e-01
4.306757473386824131e-04 4.344553947448730469e-01
4.824754297733306885e-01 2.785547375679016113e-01
4.805103540420532227e-01 4.702725112438201904e-01
6.146301627159118652e-01 4.823811650276184082e-01
3.023917973041534424e-01 6.869353652000427246e-01
3.938367664813995361e-01 4.496347308158874512e-01
4.037244915962219238e-01 4.499295949935913086e-01
6.296578049659729004e-01 4.700163006782531738e-01
6.044903993606567383e-01 3.491385877132415771e-01
5.735793113708496094e-01 2.507854700088500977e-01
-2.693335413932800293e-01 4.968854188919067383e-01
4.836370646953582764e-01 4.365428984165191650e-01
5.356547832489013672e-01 2.720655798912048340e-01
6.056199073791503906e-01 4.590388238430023193e-01
7.147907614707946777e-01 2.474563866853713989e-01
5.540647506713867188e-01 3.018243610858917236e-01
5.814212560653686523e-01 3.117138743400573730e-01
4.252965748310089111e-01 3.476527333259582520e-01
5.311759710311889648e-01 3.122344911098480225e-01
4.731150567531585693e-01 4.665388464927673340e-01
3.011469841003417969e-01 7.275619506835937500e-01
4.759027063846588135e-01 4.615828990936279297e-01
5.830360054969787598e-01 3.143589794635772705e-01
4.690221250057220459e-01 3.069404363632202148e-01
5.249249935150146484e-01 4.532518386840820312e-01
5.567641854286193848e-01 3.216989934444427490e-01
4.440070688724517822e-01 4.926742613315582275e-01
5.913407802581787109e-01 4.956674575805664062e-01
3.632391691207885742e-01 4.598258733749389648e-01
-4.846727475523948669e-02 2.660438418388366699e-01
1.433775760233402252e-02 6.371473670005798340e-01
-1.510754376649856567e-01 1.082734689116477966e-01
-2.302966564893722534e-01 1.519727855920791626e-01
5.279883742332458496e-01 2.812412381172180176e-01
4.210436344146728516e-02 5.419803261756896973e-01
3.327153623104095459e-01 3.038853704929351807e-01
4.321873784065246582e-01 5.153657197952270508e-01
3.435809910297393799e-02 6.928514242172241211e-01
6.005945801734924316e-01 4.916486740112304688e-01
4.363034367561340332e-01 5.385346412658691406e-01
5.021025538444519043e-01 4.550370275974273682e-01
4.368198215961456299e-01 5.977045893669128418e-01
6.134504675865173340e-01 2.807231545448303223e-01
4.926283955574035645e-01 4.350351095199584961e-01
6.021988391876220703e-01 4.608897566795349121e-01
5.338464677333831787e-02 7.069939970970153809e-01
6.258220672607421875e-01 4.850668311119079590e-01
4.767357707023620605e-01 4.738852679729461670e-01
6.038581728935241699e-01 4.606348574161529541e-01
3.758604824542999268e-01 5.087268948554992676e-01
-3.479893803596496582e-01 2.289741635322570801e-01
4.843488633632659912e-01 4.532603919506072998e-01
6.326671242713928223e-01 4.791491031646728516e-01
3.740678131580352783e-01 2.932044565677642822e-01
5.280380845069885254e-01 2.485425174236297607e-01
5.916003584861755371e-01 4.532434046268463135e-01
-3.649967908859252930e-01 -4.644990265369415283e-01
4.823557436466217041e-01 2.255676537752151489e-01
5.882871747016906738e-01 3.098871409893035889e-01
5.360106825828552246e-01 5.001133680343627930e-01
4.668739438056945801e-01 3.484895229339599609e-01
4.239363968372344971e-01 4.054859578609466553e-01
5.284407138824462891e-01 4.946401715278625488e-01
6.016608476638793945e-01 2.708468735218048096e-01
5.772786140441894531e-01 3.187192976474761963e-01
5.386572480201721191e-01 2.723800837993621826e-01
5.634661912918090820e-01 2.436423152685165405e-01
8.362604379653930664e-01 2.278658747673034668e-01
8.242779970169067383e-01 2.394810020923614502e-01
1.393951773643493652e-01 4.499825835227966309e-01
4.053788185119628906e-01 2.131395787000656128e-01
6.456812024116516113e-01 4.805151820182800293e-01
4.700868427753448486e-01 4.815815687179565430e-01
5.985050201416015625e-01 4.573894441127777100e-01
5.436421036720275879e-01 2.823768854141235352e-01
8.792062997817993164e-01 2.151203006505966187e-01
5.836159586906433105e-01 4.947956204414367676e-01
4.372985363006591797e-01 4.173486232757568359e-01
7.885175347328186035e-01 2.606624960899353027e-01
5.513182878494262695e-01 4.515786170959472656e-01
6.128755211830139160e-01 4.888182878494262695e-01
4.644072651863098145e-01 5.760669112205505371e-01
4.425108432769775391e-01 3.379274308681488037e-01
-3.002250492572784424e-01 -2.451060265302658081e-01
-9.580193459987640381e-02 7.866692543029785156e-01
5.321015119552612305e-01 2.487098872661590576e-01
3.922694921493530273e-01 3.675673604011535645e-01
4.919013977050781250e-01 4.348421096801757812e-01
5.609336495399475098e-01 2.477421015501022339e-01
5.822184681892395020e-01 2.662456333637237549e-01
-1.295697689056396484e-01 7.920206189155578613e-01
5.692605972290039062e-01 4.441106021404266357e-01
-3.874904215335845947e-01 1.141248550266027451e-02
8.506343364715576172e-01 2.218382209539413452e-01
3.712052702903747559e-01 5.217350721359252930e-01
6.242855191230773926e-01 4.747182130813598633e-01
3.640973940491676331e-02 7.399926781654357910e-01
5.295108556747436523e-01 3.311837315559387207e-01
1.396511495113372803e-02 7.767737507820129395e-01
4.407790899276733398e-01 5.197716951370239258e-01
3.665528595447540283e-01 5.622652769088745117e-01
-3.674940466880798340e-01 9.157682061195373535e-01
4.439682960510253906e-01 5.093252658843994141e-01
5.845769047737121582e-01 4.885428249835968018e-01
5.678273439407348633e-01 4.435148537158966064e-01
7.031031250953674316e-01 2.653605639934539795e-01
4.849134385585784912e-01 4.854268133640289307e-01
4.050490260124206543e-01 5.452675223350524902e-01
-4.281714092940092087e-03 3.012116253376007080e-01
5.319874882698059082e-01 3.222109377384185791e-01
4.471006691455841064e-01 4.721034467220306396e-01
3.916890621185302734e-01 3.773553967475891113e-01
4.258740246295928955e-01 6.155388355255126953e-01
2.890439927577972412e-01 8.828905820846557617e-01
-3.395806625485420227e-02 5.144276618957519531e-01
6.157646775245666504e-01 4.722767174243927002e-01
5.459821224212646484e-01 3.605691492557525635e-01
4.775162041187286377e-01 4.966427087783813477e-01
3.738104104995727539e-01 3.040549159049987793e-01
9.234372973442077637e-01 2.141350656747817993e-01
5.264983773231506348e-01 2.804357707500457764e-01
5.950428843498229980e-01 4.527070224285125732e-01
4.642790555953979492e-01 4.671472311019897461e-01
5.074814558029174805e-01 4.224713444709777832e-01
6.111159920692443848e-01 4.867368042469024658e-01
4.961917996406555176e-01 6.428267359733581543e-01
4.761714637279510498e-01 4.587833285331726074e-01
1.997945308685302734e-01 3.837497830390930176e-01
5.446210503578186035e-01 3.101793527603149414e-01
6.838545799255371094e-01 2.550464868545532227e-01
3.749176263809204102e-01 3.479330241680145264e-01
4.480819404125213623e-01 4.534112513065338135e-01
-1.697440296411514282e-01 8.224353194236755371e-02
3.872999548912048340e-02 7.621859908103942871e-01
1.416938900947570801e-01 7.126340866088867188e-01
5.669101476669311523e-01 4.498462975025177002e-01
6.790205836296081543e-01 2.575267553329467773e-01
6.235402226448059082e-01 4.700609445571899414e-01
5.243074297904968262e-01 4.252833127975463867e-01
3.577430844306945801e-01 5.663383603096008301e-01
4.998672902584075928e-01 4.417043924331665039e-01
5.514195561408996582e-01 4.880899786949157715e-01
6.078299880027770996e-01 4.789058864116668701e-01
4.254912436008453369e-01 4.841013252735137939e-01
4.136630147695541382e-02 5.530820488929748535e-01
5.357998609542846680e-01 2.979793250560760498e-01
1.231120973825454712e-01 6.346403956413269043e-01
6.068010330200195312e-01 5.045494437217712402e-01
4.232011139392852783e-01 4.135431051254272461e-01
6.028774380683898926e-01 4.575453698635101318e-01
6.056141480803489685e-02 5.736007094383239746e-01
5.359277129173278809e-01 3.280689716339111328e-01
8.636375665664672852e-01 2.209049910306930542e-01
5.879913568496704102e-01 4.543948173522949219e-01
5.684484839439392090e-01 7.493814229965209961e-01
4.128151535987854004e-01 5.206345915794372559e-01
2.874859869480133057e-01 8.075364232063293457e-01
-1.015574783086776733e-01 4.396313130855560303e-01
-6.894757151603698730e-01 -2.545810043811798096e-01
4.459959864616394043e-01 4.677994549274444580e-01
3.326940536499023438e-01 3.082711100578308105e-01
5.598025918006896973e-01 4.736723899841308594e-01
2.488155961036682129e-01 3.152606487274169922e-01
-4.381099343299865723e-01 3.652203679084777832e-01
4.552249908447265625e-01 3.110641837120056152e-01
5.909205675125122070e-01 4.607119262218475342e-01
-7.173899561166763306e-02 5.835433676838874817e-02
3.909991383552551270e-01 4.274716079235076904e-01
6.081353407353162766e-03 7.538031935691833496e-01
5.781520009040832520e-01 4.965174794197082520e-01
6.176719665527343750e-01 2.456728816032409668e-01
3.830201625823974609e-01 5.262958407402038574e-01
3.539002239704132080e-01 3.827458918094635010e-01
5.003011822700500488e-01 2.811720073223114014e-01
3.483265042304992676e-01 2.768681645393371582e-01
4.648844301700592041e-01 4.568975865840911865e-01
4.331090450286865234e-01 4.778812825679779053e-01
8.433948159217834473e-01 1.970219314098358154e-01
4.512300491333007812e-01 2.806772887706756592e-01
-9.544030576944351196e-02 -3.712267875671386719e-01
5.433372259140014648e-01 4.329497516155242920e-01
6.526686549186706543e-01 4.682824015617370605e-01
6.020385622978210449e-01 4.834685027599334717e-01
5.856111049652099609e-01 3.251326084136962891e-01
2.552857100963592529e-01 2.715727686882019043e-01
4.236734509468078613e-01 5.014650225639343262e-01
-4.628957435488700867e-02 6.425910592079162598e-01
5.153239369392395020e-01 4.251372814178466797e-01
6.299938559532165527e-01 2.534146904945373535e-01
5.320187807083129883e-01 4.292845129966735840e-01
5.059806704521179199e-01 2.707226276397705078e-01
-2.644038386642932892e-02 3.997474014759063721e-01
-3.272699713706970215e-01 2.606133520603179932e-01
7.727218866348266602e-01 2.527318894863128662e-01
5.104836821556091309e-01 6.457199454307556152e-01
3.514205813407897949e-01 3.100329637527465820e-01
6.225314736366271973e-01 4.781632423400878906e-01
7.877489328384399414e-01 2.276099026203155518e-01
-2.347742579877376556e-02 3.888567388057708740e-01
6.616188287734985352e-01 2.591410875320434570e-01
5.374838113784790039e-01 2.711240351200103760e-01
5.554527640342712402e-01 2.896984815597534180e-01
3.203866183757781982e-01 3.890149295330047607e-01
5.328411459922790527e-01 2.865473330020904541e-01
5.341029167175292969e-01 3.394448459148406982e-01
6.303604841232299805e-01 4.901553392410278320e-01
3.639179766178131104e-01 5.361696481704711914e-01
6.367252469062805176e-01 4.731806814670562744e-01
-4.069995284080505371e-01 2.210050374269485474e-01
4.319688379764556885e-01 5.881660580635070801e-01
4.887351989746093750e-01 5.449306368827819824e-01
9.634515047073364258e-01 1.497658342123031616e-01
5.693889856338500977e-01 4.454256296157836914e-01
5.316544771194458008e-01 2.974564433097839355e-01
5.987324714660644531e-01 4.895924627780914307e-01
6.099148839712142944e-02 4.935994148254394531e-01
5.075700953602790833e-02 7.672007083892822266e-01
5.785801410675048828e-01 2.930505871772766113e-01
6.163311600685119629e-01 4.829528033733367920e-01
5.549212694168090820e-01 4.713577926158905029e-01
5.685669779777526855e-01 2.971414625644683838e-01
-1.889783889055252075e-02 7.533415555953979492e-01
3.106187097728252411e-02 6.800042390823364258e-01
4.338451921939849854e-01 4.895445406436920166e-01
4.416899383068084717e-01 2.328412234783172607e-01
4.267157316207885742e-01 4.034407138824462891e-01
5.167111754417419434e-01 5.247740149497985840e-01
5.479428172111511230e-01 4.377310276031494141e-01
6.393951177597045898e-01 4.797526597976684570e-01
6.121026873588562012e-01 4.715821146965026855e-01
6.245340108871459961e-01 4.797990322113037109e-01
6.176810264587402344e-01 4.877946376800537109e-01
3.620906472206115723e-01 5.703920125961303711e-01
-1.935132592916488647e-01 2.056190669536590576e-01
6.079683303833007812e-01 4.667051434516906738e-01
3.961611092090606689e-01 3.824637830257415771e-01
1.481141708791255951e-02 6.594544053077697754e-01
5.482941865921020508e-01 3.088283538818359375e-01
4.676872491836547852e-01 4.703759253025054932e-01
8.020505309104919434e-01 2.539761066436767578e-01
5.700182914733886719e-01 4.484348297119140625e-01
3.985431492328643799e-01 3.369657695293426514e-01
-3.684276342391967773e-01 9.060357809066772461e-01
3.731896281242370605e-01 5.868095755577087402e-01
6.894996762275695801e-01 2.395297586917877197e-01
5.858579277992248535e-01 4.594778120517730713e-01
3.221897482872009277e-01 5.926522016525268555e-01
5.480707287788391113e-01 4.957555830478668213e-01
3.224010765552520752e-01 2.796700000762939453e-01
-1.474651396274566650e-01 2.301631271839141846e-01
6.046369671821594238e-01 4.626145064830780029e-01
6.266693472862243652e-01 4.616245627403259277e-01
1.803206950426101685e-01 5.055093169212341309e-01
6.251463890075683594e-01 4.694426953792572021e-01
8.227127790451049805e-01 2.278712987899780273e-01
6.485957503318786621e-01 4.830538332462310791e-01
4.778089225292205811e-01 5.349270701408386230e-01
4.619311094284057617e-01 4.274790883064270020e-01
5.014765858650207520e-01 2.544139027595520020e-01
5.106658339500427246e-01 3.200319409370422363e-01
4.123602807521820068e-01 3.966076970100402832e-01
-4.996878802776336670e-01 -1.478849202394485474e-01
1.577584445476531982e-01 5.311080813407897949e-01
-3.467330932617187500e-01 9.106534719467163086e-02
4.576604664325714111e-01 3.378010094165802002e-01
4.283283948898315430e-01 4.427504241466522217e-01
4.219285845756530762e-01 5.154479742050170898e-01
4.950768649578094482e-01 3.024509251117706299e-01
7.190594673156738281e-01 4.890216588973999023e-01
5.124953389167785645e-01 2.279701381921768188e-01
5.195457935333251953e-01 3.061217069625854492e-01
6.117240190505981445e-01 4.626908302307128906e-01
-3.254864811897277832e-01 1.929013133049011230e-01
4.403652846813201904e-01 2.812415063381195068e-01
8.897414207458496094e-01 2.254301607608795166e-01
4.273523092269897461e-01 4.952619373798370361e-01
5.311281681060791016e-01 4.289223253726959229e-01
5.495412945747375488e-01 3.148762285709381104e-01
5.820369124412536621e-01 3.161747455596923828e-01
6.395235061645507812e-01 4.753316640853881836e-01
5.096556544303894043e-01 4.231451153755187988e-01
5.805251598358154297e-01 4.483882188796997070e-01
-4.872169494628906250e-01 3.034526705741882324e-01
-4.751465842127799988e-02 7.634512186050415039e-01
-1.139285415410995483e-01 4.647372961044311523e-01
-2.901023067533969879e-02 4.173379242420196533e-01
-1.849415153264999390e-01 2.175592780113220215e-01
4.003425538539886475e-01 3.339438140392303467e-01
7.325489521026611328e-01 2.314456552267074585e-01
5.908343791961669922e-01 4.555621147155761719e-01
4.792940616607666016e-01 4.610643386840820312e-01
-2.237190119922161102e-02 7.465711832046508789e-01
7.665539383888244629e-01 2.375698685646057129e-01
6.392547488212585449e-01 4.787513017654418945e-01
6.115147471427917480e-01 4.878810942173004150e-01
-6.705445647239685059e-01 -1.321316659450531006e-01
-3.627314418554306030e-02 7.897356748580932617e-01
4.349826276302337646e-01 4.170703887939453125e-01
3.531174957752227783e-01 5.391369462013244629e-01
5.422273874282836914e-01 3.176058530807495117e-01
6.063537597656250000e-01 4.560368359088897705e-01
4.416856169700622559e-01 4.179213941097259521e-01
5.037917494773864746e-01 2.435656189918518066e-01
1.483063250780105591e-01 7.013536691665649414e-01
-2.997776567935943604e-01 1.918583959341049194e-01
4.929384291172027588e-01 4.193394780158996582e-01
4.853615760803222656e-01 4.406526684761047363e-01
2.178723178803920746e-02 4.978777766227722168e-01
9.124582260847091675e-02 6.579638123512268066e-01
5.387054085731506348e-01 3.344108760356903076e-01
6.556746363639831543e-01 3.421836197376251221e-01
4.909901022911071777e-01 3.355087935924530029e-01
5.087038874626159668e-01 3.359648883342742920e-01
4.212044775485992432e-01 5.458049774169921875e-01
5.053622722625732422e-01 5.724669098854064941e-01
5.328245162963867188e-01 4.326815009117126465e-01
6.293175369501113892e-02 6.444209218025207520e-01
4.277059137821197510e-01 2.460385411977767944e-01
5.078852772712707520e-01 4.221626520156860352e-01
5.219231247901916504e-01 2.617225050926208496e-01
6.067044734954833984e-01 4.896984100341796875e-01
5.533691048622131348e-01 4.378853738307952881e-01
5.052614808082580566e-01 2.806532084941864014e-01
6.196776032447814941e-01 4.843875169754028320e-01
5.672430396080017090e-01 4.434804320335388184e-01
-6.270815730094909668e-01 3.967581987380981445e-01
1.078435126692056656e-02 7.606590986251831055e-01
2.317538708448410034e-01 2.493888288736343384e-01
4.614149332046508789e-01 6.427403688430786133e-01
5.323850512504577637e-01 2.102704197168350220e-01
6.194920539855957031e-01 4.704205989837646484e-01
5.221605896949768066e-01 3.361641466617584229e-01
5.132673382759094238e-01 2.499371320009231567e-01
9.752463549375534058e-02 3.726415634155273438e-01
-5.181657075881958008e-01 -2.019287645816802979e-02
5.314543247222900391e-01 3.276903033256530762e-01
5.846994519233703613e-01 4.867722988128662109e-01
4.898193180561065674e-01 4.441637098789215088e-01
-2.860797103494405746e-03 3.043932318687438965e-01
3.762113451957702637e-01 3.583081364631652832e-01
4.253084957599639893e-01 3.329239189624786377e-01
6.053144335746765137e-01 4.641398489475250244e-01
4.172100424766540527e-01 4.816645085811614990e-01
5.877176523208618164e-01 3.289366960525512695e-01
3.455010354518890381e-01 3.065516650676727295e-01
5.181300044059753418e-01 3.364438414573669434e-01
-3.684681355953216553e-01 -3.270997405052185059e-01
-3.572686910629272461e-01 2.042809277772903442e-01
6.338415145874023438e-01 4.697269797325134277e-01
2.040656507015228271e-01 3.738426864147186279e-01
5.467137694358825684e-01 2.866657078266143799e-01
-7.637108117341995239e-02 4.155273139476776123e-01
6.190061569213867188e-01 4.987380504608154297e-01
4.373864233493804932e-01 5.579744577407836914e-01
9.220530092716217041e-02 7.987916469573974609e-01
7.712053060531616211e-01 2.502952218055725098e-01
3.957405686378479004e-01 3.122803568840026855e-01
8.273417949676513672e-01 2.401966601610183716e-01
4.458764195442199707e-01 4.241785109043121338e-01
3.876264691352844238e-01 6.012074351310729980e-01
1.491834521293640137e-01 5.638040304183959961e-01
4.504857361316680908e-01 4.089010357856750488e-01
4.823618829250335693e-01 2.305245846509933472e-01
6.162778139114379883e-01 4.650541841983795166e-01
9.560688585042953491e-02 6.272278428077697754e-01
-8.494838476181030273e-01 3.873206377029418945e-01
6.658784151077270508e-01 4.787347912788391113e-01
5.495932698249816895e-01 4.838923215866088867e-01
3.855759203433990479e-01 5.287116169929504395e-01
5.516714453697204590e-01 3.377431035041809082e-01
-7.637546956539154053e-02 2.736422419548034668e-01
4.651545882225036621e-01 4.603794813156127930e-01
-4.754449427127838135e-01 1.674157083034515381e-01
4.902288019657135010e-01 4.467086195945739746e-01
5.641452670097351074e-01 3.049454092979431152e-01
7.783576101064682007e-02 5.945634245872497559e-01
-6.566751748323440552e-03 4.443699419498443604e-01
5.694347247481346130e-02 6.746038794517517090e-01
4.645440578460693359e-01 4.337733089923858643e-01
-9.405641257762908936e-02 7.704424262046813965e-01
4.513843059539794922e-01 3.397469222545623779e-01
6.006693840026855469e-01 5.309152007102966309e-01
4.105491936206817627e-01 4.131217002868652344e-01
4.320242404937744141e-01 4.914577305316925049e-01
4.621539711952209473e-01 5.095424056053161621e-01
5.197288393974304199e-01 3.166762292385101318e-01
4.947356581687927246e-01 4.196071326732635498e-01
4.273124635219573975e-01 4.123081564903259277e-01
-1.083415597677230835e-01 2.655835449695587158e-01
5.367206931114196777e-01 2.891615033149719238e-01
5.702285170555114746e-01 4.660099446773529053e-01
3.790711164474487305e-01 4.555506706237792969e-01
4.980249106884002686e-01 2.713384926319122314e-01
7.379607558250427246e-01 2.058398872613906860e-01
4.269720613956451416e-01 4.765794873237609863e-01
3.146331310272216797e-01 6.021334528923034668e-01
6.491792201995849609e-01 4.773759543895721436e-01
6.315841078758239746e-01 4.797910749912261963e-01
3.996449410915374756e-01 5.666038393974304199e-01
6.922004222869873047e-01 2.198035567998886108e-01
3.155852556228637695e-01 2.751212418079376221e-01
4.745173752307891846e-01 4.363897442817687988e-01
9.124760627746582031e-01 2.027631551027297974e-01
4.639618992805480957e-01 4.249735176563262939e-01
6.446771621704101562e-01 2.520251274108886719e-01
-3.609677255153656006e-01 -3.054619207978248596e-02
5.431166887283325195e-01 2.702982127666473389e-01
5.096596479415893555e-01 3.040724992752075195e-01
3.233367204666137695e-02 7.353874444961547852e-01
5.480331182479858398e-01 4.369685053825378418e-01
4.860293269157409668e-01 4.415188431739807129e-01
3.450353145599365234e-01 1.938122659921646118e-01
5.173645019531250000e-01 5.259315371513366699e-01
5.951784849166870117e-01 4.848659932613372803e-01
4.914277493953704834e-01 5.307623744010925293e-01
4.350917041301727295e-01 4.107158482074737549e-01
4.883306622505187988e-01 2.769366502761840820e-01
-7.772219777107238770e-01 3.803232908248901367e-01
6.294744610786437988e-01 4.686197638511657715e-01
6.572867631912231445e-01 4.977057278156280518e-01
5.955914258956909180e-01 4.888848662376403809e-01
4.255531430244445801e-01 4.520462751388549805e-01
-1.044168919324874878e-01 -4.485424757003784180e-01
5.837906599044799805e-01 3.232064247131347656e-01
4.268763661384582520e-01 4.871616959571838379e-01
4.611115157604217529e-01 4.606853127479553223e-01
1.217876821756362915e-01 5.977085828781127930e-01
6.645722985267639160e-01 3.444247543811798096e-01
4.679945111274719238e-01 4.704672992229461670e-01
9.319059848785400391e-01 1.373053789138793945e-01
-3.576560914516448975e-01 7.069318741559982300e-02
4.179615974426269531e-01 5.129818916320800781e-01
5.974063873291015625e-01 3.082179129123687744e-01
5.195324420928955078e-01 3.125887215137481689e-01
6.293539404869079590e-01 4.757502973079681396e-01
1.994335651397705078e-01 3.845302164554595947e-01
5.475510358810424805e-01 4.349692463874816895e-01
2.984875440597534180e-01 7.318769097328186035e-01
4.968748241662979126e-02 4.878647029399871826e-01
5.946006774902343750e-01 4.563974440097808838e-01
6.264185309410095215e-01 4.699877500534057617e-01
5.772167444229125977e-01 4.467258453369140625e-01
-1.461309194564819336e-01 5.163153409957885742e-01
4.539163410663604736e-01 4.653551876544952393e-01
6.135471463203430176e-01 4.840565323829650879e-01
5.222489237785339355e-01 4.271241426467895508e-01
4.704883694648742676e-01 4.618369340896606445e-01
5.446835756301879883e-01 3.182942867279052734e-01
6.166968345642089844e-01 4.646077454090118408e-01
5.452138185501098633e-01 2.436940819025039673e-01
8.184534311294555664e-01 2.455186396837234497e-01
4.309632480144500732e-01 4.010721743106842041e-01
5.834398269653320312e-01 4.536815583705902100e-01
4.530624449253082275e-01 4.649252295494079590e-01
6.224434971809387207e-01 4.823120534420013428e-01
4.110623598098754883e-01 3.958155810832977295e-01
6.069093942642211914e-01 4.994046986103057861e-01
4.171062707901000977e-01 4.516436457633972168e-01
-8.295688629150390625e-01 2.450082600116729736e-01
6.349515914916992188e-01 4.666779339313507080e-01
5.266284346580505371e-01 2.887215614318847656e-01
4.771130979061126709e-01 2.505644261837005615e-01
8.092027306556701660e-01 1.905525177717208862e-01
5.707579255104064941e-01 2.801979780197143555e-01
4.454206824302673340e-01 4.014668464660644531e-01
5.357468724250793457e-01 4.302875697612762451e-01
-8.212814927101135254e-01 1.166520826518535614e-02
1.600823104381561279e-01 6.218626499176025391e-01
5.938603281974792480e-01 5.052831768989562988e-01
5.898540616035461426e-01 4.531001448631286621e-01
6.330285668373107910e-01 4.875520169734954834e-01
6.559639573097229004e-01 4.805768132209777832e-01
9.959108382463455200e-02 7.952169179916381836e-01
5.464158058166503906e-01 4.433462917804718018e-01
5.804942846298217773e-01 2.518563270568847656e-01
-1.444260329008102417e-01 -3.348804414272308350e-01
3.620246648788452148e-01 2.866690754890441895e-01
5.932049751281738281e-01 4.534319639205932617e-01
4.791004657745361328e-01 4.585132598876953125e-01
-9.035889059305191040e-02 1.837657392024993896e-01
5.655334591865539551e-01 3.406953215599060059e-01
6.001016497611999512e-01 4.549274742603302002e-01
6.478983759880065918e-01 4.791554808616638184e-01
-1.314574778079986572e-01 5.510855466127395630e-02
5.543370842933654785e-01 3.117834627628326416e-01
4.612285494804382324e-01 4.920195341110229492e-01
2.472365349531173706e-01 2.255323827266693115e-01
5.399484038352966309e-01 3.410375118255615234e-01
5.429418683052062988e-01 4.804267883300781250e-01
5.091102719306945801e-01 3.123967945575714111e-01
4.597820639610290527e-01 3.494394719600677490e-01
4.659487605094909668e-01 4.540426433086395264e-01
6.102991700172424316e-01 4.629850983619689941e-01
5.536999702453613281e-01 3.057836294174194336e-01
5.146511197090148926e-01 3.209713101387023926e-01
5.973314642906188965e-01 4.554897546768188477e-01
4.568824172019958496e-01 4.691249728202819824e-01
4.774774312973022461e-01 5.514879226684570312e-01
5.239634513854980469e-01 2.777718901634216309e-01
5.602971911430358887e-01 3.035913705825805664e-01
5.934434533119201660e-01 4.547006189823150635e-01
3.720075190067291260e-01 4.351880252361297607e-01
2.183551341295242310e-02 7.906352877616882324e-01
5.536285638809204102e-01 2.562938332557678223e-01
5.567982196807861328e-01 3.441256880760192871e-01
4.118757843971252441e-01 3.873356878757476807e-01
6.911093592643737793e-01 2.565747499465942383e-01
6.195190548896789551e-01 2.662991881370544434e-01
5.903717875480651855e-01 4.508506655693054199e-01
4.729971885681152344e-01 5.246504545211791992e-01
5.174071192741394043e-01 2.950467169284820557e-01
5.473096370697021484e-01 4.354775846004486084e-01
5.783779025077819824e-01 4.548448622226715088e-01
-4.382754862308502197e-01 1.817439645528793335e-01
-5.265284702181816101e-02 4.835300147533416748e-01
5.877727866172790527e-01 4.491173923015594482e-01
1.165121793746948242e-01 7.594136595726013184e-01
8.541133403778076172e-01 2.672997415065765381e-01
3.519245684146881104e-01 4.593469202518463135e-01
-6.616988182067871094e-01 2.200099229812622070e-01
4.464103877544403076e-01 4.697895646095275879e-01
4.666880369186401367e-01 4.128943979740142822e-01
4.310188889503479004e-01 3.057783246040344238e-01
4.877180755138397217e-01 4.197442531585693359e-01
-2.345431037247180939e-02 8.009335994720458984e-01
4.891894757747650146e-01 4.286949038505554199e-01
5.015257000923156738e-01 3.169385790824890137e-01
4.557948410511016846e-01 4.647026062011718750e-01
4.237259328365325928e-01 3.311725556850433350e-01
8.108724951744079590e-01 2.089807987213134766e-01
5.801568031311035156e-01 4.623230099678039551e-01
-1.128383725881576538e-02 6.458646655082702637e-01
5.058410167694091797e-01 1.666745245456695557e-01
4.521168172359466553e-01 4.598672986030578613e-01
5.727559924125671387e-01 4.434998035430908203e-01
6.428483724594116211e-01 2.452063262462615967e-01
3.932581245899200439e-01 2.388178259134292603e-01
6.266082525253295898e-01 4.795499145984649658e-01
1.224846839904785156e-01 5.585052967071533203e-01
3.777447640895843506e-01 4.509648084640502930e-01
4.806168973445892334e-01 4.526013135910034180e-01
6.008067727088928223e-01 4.847516119480133057e-01
4.443032443523406982e-01 4.180257618427276611e-01
-5.208406448364257812e-01 -2.831823527812957764e-01
5.461546182632446289e-01 3.408482372760772705e-01
5.938445329666137695e-01 4.542912542819976807e-01
5.171706676483154297e-01 3.247709274291992188e-01
8.038436770439147949e-01 2.264116704463958740e-01
4.420222342014312744e-01 4.752501249313354492e-01
5.946522951126098633e-01 4.809310436248779297e-01
7.401388287544250488e-01 1.916702091693878174e-01
6.150398850440979004e-01 4.871560335159301758e-01
-4.053404033184051514e-01 -7.357265353202819824e-01
9.649701416492462158e-02 6.258487701416015625e-01
4.974531233310699463e-01 3.012795448303222656e-01
5.645132064819335938e-01 3.351856470108032227e-01
6.103641986846923828e-01 4.656736552715301514e-01
-4.018877819180488586e-02 8.124061822891235352e-01
2.166410982608795166e-01 3.300481140613555908e-01
4.791390895843505859e-01 4.310746192932128906e-01
4.860625565052032471e-01 4.546941220760345459e-01
-3.960205987095832825e-02 6.497014760971069336e-01
5.789401531219482422e-01 2.115744799375534058e-01
8.458319902420043945e-01 2.144866287708282471e-01
6.883848905563354492e-01 2.655977308750152588e-01
5.650877356529235840e-01 3.487738966941833496e-01
-2.594504058361053467e-01 3.965503722429275513e-02
5.466376543045043945e-01 2.452550828456878662e-01
4.899699389934539795e-01 5.890392065048217773e-01
-2.068880945444107056e-02 7.105628252029418945e-01
4.938687682151794434e-01 6.037404537200927734e-01
6.442451477050781250e-01 4.816818535327911377e-01
5.313866734504699707e-01 5.672194361686706543e-01
4.660920500755310059e-01 4.742616415023803711e-01
1.086216717958450317e-01 6.722970008850097656e-01
7.872607111930847168e-01 2.070510089397430420e-01
4.253835082054138184e-01 5.034877657890319824e-01
6.237087845802307129e-01 4.848688840866088867e-01
6.347432136535644531e-01 4.756329059600830078e-01
5.203949809074401855e-01 4.456778764724731445e-01
9.681573510169982910e-01 6.913122534751892090e-02
5.897203087806701660e-01 3.038153052330017090e-01
4.431070685386657715e-01 4.855519235134124756e-01
5.487236380577087402e-01 2.409769892692565918e-01
3.193072378635406494e-01 2.996373772621154785e-01
7.303460836410522461e-01 2.178719639778137207e-01
4.086598753929138184e-01 2.345526069402694702e-01
5.938318967819213867e-01 5.298491716384887695e-01
5.970894694328308105e-01 4.926612675189971924e-01
9.100651741027832031e-01 2.197963297367095947e-01
5.599497556686401367e-01 3.377931714057922363e-01
5.452272891998291016e-01 4.340196549892425537e-01
7.682051062583923340e-01 2.453476786613464355e-01
4.610337316989898682e-01 5.715349912643432617e-01
4.824885427951812744e-01 4.161129593849182129e-01
5.000772476196289062e-01 4.858371615409851074e-01
3.513781726360321045e-01 2.850654423236846924e-01
3.919951021671295166e-01 3.707216382026672363e-01
6.011983156204223633e-01 4.884644448757171631e-01
6.178072094917297363e-01 4.667622148990631104e-01
4.259080886840820312e-01 4.921014010906219482e-01
5.015378594398498535e-01 4.285362064838409424e-01
4.565187990665435791e-01 4.580046832561492920e-01
5.527508258819580078e-01 4.378374516963958740e-01
-2.661008238792419434e-01 -1.771764159202575684e-01
5.502096414566040039e-01 2.905764579772949219e-01
-2.755721509456634521e-01 1.661187559366226196e-01
5.334698557853698730e-01 4.355922043323516846e-01
4.226216077804565430e-01 3.499374687671661377e-01
5.945456624031066895e-01 5.255305767059326172e-01
6.033915281295776367e-01 4.559718370437622070e-01
6.170672178268432617e-01 4.750388264656066895e-01
4.603522717952728271e-01 4.616193771362304688e-01
6.055572032928466797e-01 4.580598175525665283e-01
4.135217964649200439e-01 3.880240321159362793e-01
-7.369967550039291382e-02 6.999315023422241211e-01
4.927319288253784180e-01 2.841882109642028809e-01
5.864259004592895508e-01 4.678068161010742188e-01
5.423782467842102051e-01 3.408849537372589111e-01
5.734066367149353027e-01 3.045332729816436768e-01
5.473536849021911621e-01 2.340290993452072144e-01
9.200801253318786621e-01 2.094679474830627441e-01
4.546280205249786377e-01 4.616801738739013672e-01
-3.828402608633041382e-03 4.830560088157653809e-01
8.307577371597290039e-01 2.388589978218078613e-01
-4.021099209785461426e-02 7.827815413475036621e-01
6.028571724891662598e-01 4.592886567115783691e-01
4.610766172409057617e-01 4.639015793800354004e-01
1.566111296415328979e-01 6.736182570457458496e-01
3.175478056073188782e-02 4.190582036972045898e-01
4.901373982429504395e-01 4.200139641761779785e-01
2.964662611484527588e-01 6.964960098266601562e-01
-5.542548298835754395e-01 1.311487704515457153e-01
5.592786073684692383e-01 4.673883020877838135e-01
3.902584314346313477e-01 5.681518316268920898e-01
3.439852893352508545e-01 5.483509898185729980e-01
5.547404289245605469e-01 3.282902538776397705e-01
4.730836451053619385e-01 4.149228930473327637e-01
7.027611881494522095e-02 7.997447252273559570e-01
8.747317790985107422e-01 1.964759081602096558e-01
-4.271384775638580322e-01 1.070843860507011414e-01
3.005820512771606445e-02 8.003592491149902344e-01
4.840383529663085938e-01 6.301448345184326172e-01
4.123364388942718506e-01 4.888173341751098633e-01
3.547996282577514648e-01 4.205350577831268311e-01
5.290121436119079590e-01 3.011187911033630371e-01
5.943062901496887207e-01 4.548970162868499756e-01
3.855082392692565918e-01 6.092589497566223145e-01
