5.452314019203186035e-01 5.168282389640808105e-01
4.186720848083496094e-01 5.254244208335876465e-01
4.819007515907287598e-01 4.774438440799713135e-01
5.257622599601745605e-01 5.017253160476684570e-01
5.272723436355590820e-01 4.751079380512237549e-01
4.615555703639984131e-01 4.330700337886810303e-01
4.660764038562774658e-01 5.122964382171630859e-01
5.236422419548034668e-01 5.162441730499267578e-01
5.631176233291625977e-01 5.427482128143310547e-01
5.376614928245544434e-01 4.869456887245178223e-01
4.957933723926544189e-01 4.389947652816772461e-01
4.957375228404998779e-01 4.303492009639739990e-01
5.653260350227355957e-01 5.085429549217224121e-01
5.378197431564331055e-01 5.217695236206054688e-01
5.157359242439270020e-01 5.060484409332275391e-01
5.566266775131225586e-01 5.360098481178283691e-01
5.349541902542114258e-01 5.097820758819580078e-01
5.404784083366394043e-01 4.941225647926330566e-01
5.292785763740539551e-01 4.987072050571441650e-01
5.468773841857910156e-01 5.452619791030883789e-01
5.461716055870056152e-01 5.289858579635620117e-01
4.989895522594451904e-01 4.677442014217376709e-01
5.520285367965698242e-01 5.313435792922973633e-01
5.581188201904296875e-01 5.501559376716613770e-01
5.159252285957336426e-01 4.686356484889984131e-01
5.151419043540954590e-01 5.081759691238403320e-01
5.396098494529724121e-01 5.071086883544921875e-01
4.981962442398071289e-01 5.278704762458801270e-01
4.945159256458282471e-01 4.761396646499633789e-01
5.217300057411193848e-01 4.660854339599609375e-01
5.547048449516296387e-01 5.364406704902648926e-01
5.392861962318420410e-01 5.156177282333374023e-01
5.300964713096618652e-01 4.722361266613006592e-01
5.196516513824462891e-01 4.664871990680694580e-01
5.387458801269531250e-01 5.041571855545043945e-01
5.076206326484680176e-01 4.616550207138061523e-01
4.666557610034942627e-01 4.393754601478576660e-01
5.006421804428100586e-01 4.669851958751678467e-01
4.405696094036102295e-01 4.539812207221984863e-01
4.690222442150115967e-01 4.803996980190277100e-01
5.081547498703002930e-01 4.903565347194671631e-01
5.973238945007324219e-01 5.409606099128723145e-01
5.179255604743957520e-01 4.106926023960113525e-01
4.737228453159332275e-01 4.103135764598846436e-01
5.502564907073974609e-01 4.767095148563385010e-01
5.332454442977905273e-01 5.322465896606445312e-01
4.970014989376068115e-01 4.447010457515716553e-01
5.211614966392517090e-01 4.782725870609283447e-01
4.868081808090209961e-01 4.516895115375518799e-01
4.892540276050567627e-01 4.199264347553253174e-01
5.208693742752075195e-01 4.111563861370086670e-01
5.469499826431274414e-01 4.185467362403869629e-01
5.154332518577575684e-01 4.907620549201965332e-01
5.216647386550903320e-01 4.893637001514434814e-01
5.874441266059875488e-01 5.219780206680297852e-01
4.557234346866607666e-01 7.183036804199218750e-01
5.060518383979797363e-01 3.861814141273498535e-01
4.979301393032073975e-01 4.803023040294647217e-01
4.618542790412902832e-01 4.420492053031921387e-01
5.366877317428588867e-01 5.403203368186950684e-01
5.151283740997314453e-01 4.372053444385528564e-01
4.712659418582916260e-01 4.139847457408905029e-01
5.266310572624206543e-01 4.896324574947357178e-01
5.192868113517761230e-01 5.545593500137329102e-01
5.302570462226867676e-01 5.279641747474670410e-01
4.533056616783142090e-01 4.933769404888153076e-01
4.708623588085174561e-01 4.575353562831878662e-01
4.677331149578094482e-01 4.594232439994812012e-01
4.766331911087036133e-01 4.438976049423217773e-01
4.779987931251525879e-01 4.926323592662811279e-01
4.968420863151550293e-01 4.170048832893371582e-01
5.215901136398315430e-01 5.128039121627807617e-01
5.276804566383361816e-01 5.265001654624938965e-01
5.171306729316711426e-01 5.226092934608459473e-01
4.971404373645782471e-01 4.672221243381500244e-01
5.207448601722717285e-01 5.092677474021911621e-01
4.787161350250244141e-01 4.468677937984466553e-01
4.889864921569824219e-01 4.069324731826782227e-01
4.868712723255157471e-01 4.798688590526580811e-01
4.945749342441558838e-01 3.895501196384429932e-01
4.797804951667785645e-01 4.638571441173553467e-01
4.936240017414093018e-01 4.477849006652832031e-01
5.464072227478027344e-01 5.007836818695068359e-01
5.319886803627014160e-01 4.903362989425659180e-01
5.450541377067565918e-01 5.166916847229003906e-01
5.619717836380004883e-01 5.491101145744323730e-01
4.862550795078277588e-01 4.651480913162231445e-01
5.451533794403076172e-01 5.004121065139770508e-01
4.841104745864868164e-01 4.549077153205871582e-01
4.718970656394958496e-01 4.675055742263793945e-01
4.928282499313354492e-01 4.680060744285583496e-01
5.201017260551452637e-01 5.019261240959167480e-01
5.618963837623596191e-01 5.223096013069152832e-01
5.166702866554260254e-01 4.473602473735809326e-01
4.992541968822479248e-01 5.088850855827331543e-01
4.811815917491912842e-01 5.899559259414672852e-01
5.154693722724914551e-01 4.540588855743408203e-01
5.098605751991271973e-01 5.465102791786193848e-01
4.556421637535095215e-01 4.701604247093200684e-01
5.404716730117797852e-01 5.023412704467773438e-01
4.829533100128173828e-01 4.242670238018035889e-01
6.046022772789001465e-01 5.507290363311767578e-01
4.378712773323059082e-01 4.238412678241729736e-01
5.226183533668518066e-01 4.750070571899414062e-01
5.557332634925842285e-01 5.136491656303405762e-01
4.775773882865905762e-01 4.457546770572662354e-01
4.761544764041900635e-01 4.443843960762023926e-01
5.306960344314575195e-01 5.019733309745788574e-01
5.178591012954711914e-01 4.785781502723693848e-01
5.488839149475097656e-01 5.460723042488098145e-01
5.383232235908508301e-01 5.121672749519348145e-01
4.474929273128509521e-01 5.402857661247253418e-01
4.759953022003173828e-01 4.370018839836120605e-01
4.939273893833160400e-01 4.386507570743560791e-01
4.983935654163360596e-01 5.460756421089172363e-01
5.243670344352722168e-01 5.099684596061706543e-01
5.339843630790710449e-01 4.913900494575500488e-01
5.229874849319458008e-01 4.751232266426086426e-01
4.870353937149047852e-01 4.199462831020355225e-01
5.258937478065490723e-01 5.143523216247558594e-01
5.363841652870178223e-01 5.046117305755615234e-01
5.340116620063781738e-01 5.328671336174011230e-01
4.854451119899749756e-01 4.229064881801605225e-01
4.260748326778411865e-01 4.381062984466552734e-01
4.736126661300659180e-01 4.243685007095336914e-01
4.661703109741210938e-01 4.634339511394500732e-01
5.075098872184753418e-01 4.633032977581024170e-01
4.829537868499755859e-01 4.748321175575256348e-01
4.526285231113433838e-01 4.605340659618377686e-01
5.503915548324584961e-01 5.188873410224914551e-01
4.858047664165496826e-01 4.399226903915405273e-01
5.243482589721679688e-01 5.088829398155212402e-01
5.438975691795349121e-01 5.367684960365295410e-01
5.283662676811218262e-01 4.963876903057098389e-01
4.929969310760498047e-01 4.380575418472290039e-01
5.401581525802612305e-01 5.113003849983215332e-01
5.272185206413269043e-01 5.671923756599426270e-01
6.193817853927612305e-01 4.155624806880950928e-01
5.157005190849304199e-01 4.809972643852233887e-01
5.180517435073852539e-01 5.060072541236877441e-01
4.361602663993835449e-01 4.650721251964569092e-01
5.125047564506530762e-01 4.742435812950134277e-01
5.123618245124816895e-01 4.385108649730682373e-01
5.497471690177917480e-01 5.037776827812194824e-01
5.490708947181701660e-01 5.078006386756896973e-01
5.690605044364929199e-01 5.243104696273803711e-01
5.008750557899475098e-01 4.965393841266632080e-01
5.456393361091613770e-01 4.756215810775756836e-01
5.300957560539245605e-01 5.159093141555786133e-01
5.595504641532897949e-01 5.257901549339294434e-01
5.407673716545104980e-01 3.966315388679504395e-01
5.734339952468872070e-01 5.133818387985229492e-01
5.358259081840515137e-01 4.904351532459259033e-01
4.829487204551696777e-01 4.217783212661743164e-01
5.359472632408142090e-01 5.104938149452209473e-01
4.503107964992523193e-01 4.899229705333709717e-01
4.690970182418823242e-01 4.325301647186279297e-01
4.992316961288452148e-01 4.085990786552429199e-01
5.386871099472045898e-01 4.961450695991516113e-01
5.196653604507446289e-01 4.792586565017700195e-01
4.767781496047973633e-01 4.495163857936859131e-01
5.154353976249694824e-01 4.790208637714385986e-01
5.648057460784912109e-01 5.008562803268432617e-01
5.365251898765563965e-01 4.747163951396942139e-01
4.616381525993347168e-01 4.793761670589447021e-01
5.046687722206115723e-01 4.688605666160583496e-01
5.611477494239807129e-01 5.142346620559692383e-01
5.226751565933227539e-01 4.897731840610504150e-01
4.906634390354156494e-01 4.713505804538726807e-01
5.323926210403442383e-01 5.037640929222106934e-01
4.575977325439453125e-01 4.225530922412872314e-01
5.669941902160644531e-01 4.958015680313110352e-01
5.187329649925231934e-01 4.764990508556365967e-01
5.261880159378051758e-01 5.559615492820739746e-01
5.758615136146545410e-01 5.812687277793884277e-01
5.497659444808959961e-01 5.222024917602539062e-01
4.733500778675079346e-01 4.265628159046173096e-01
4.923975765705108643e-01 5.295270681381225586e-01
5.294424295425415039e-01 4.488418996334075928e-01
5.157130956649780273e-01 4.949968159198760986e-01
5.396789908409118652e-01 5.242810845375061035e-01
4.487811028957366943e-01 3.913742005825042725e-01
1.809797734022140503e-01 -1.448438316583633423e-01
5.648269653320312500e-01 4.966225922107696533e-01
5.400490760803222656e-01 5.105416178703308105e-01
4.992368519306182861e-01 4.566269218921661377e-01
5.443065762519836426e-01 5.117502808570861816e-01
5.208752751350402832e-01 3.998144567012786865e-01
4.998956918716430664e-01 4.521498084068298340e-01
4.626897573471069336e-01 5.064204931259155273e-01
4.734307527542114258e-01 5.179739594459533691e-01
5.110216140747070312e-01 4.771730601787567139e-01
4.716191887855529785e-01 4.281738102436065674e-01
5.410593748092651367e-01 5.616729259490966797e-01
5.131437182426452637e-01 4.624111354351043701e-01
5.201096534729003906e-01 4.767952561378479004e-01
5.056772232055664062e-01 4.973195791244506836e-01
4.806438684463500977e-01 3.848326802253723145e-01
5.438152551651000977e-01 5.052338242530822754e-01
5.034559965133666992e-01 4.536892473697662354e-01
5.242056846618652344e-01 5.054895281791687012e-01
5.501667857170104980e-01 4.988171458244323730e-01
5.313960909843444824e-01 4.891761243343353271e-01
4.719527065753936768e-01 4.402226209640502930e-01
4.981173574924468994e-01 3.951788842678070068e-01
4.762418866157531738e-01 4.237639904022216797e-01
5.676392912864685059e-01 5.305852890014648438e-01
5.341910719871520996e-01 5.187088847160339355e-01
5.583711862564086914e-01 5.042024850845336914e-01
4.583203792572021484e-01 4.984683394432067871e-01
5.622383356094360352e-01 4.147054553031921387e-01
5.417180657386779785e-01 5.108569264411926270e-01
4.830922484397888184e-01 4.006760418415069580e-01
4.974332451820373535e-01 4.387895762920379639e-01
5.942034721374511719e-01 5.258643627166748047e-01
5.124582648277282715e-01 4.808262884616851807e-01
5.358552336692810059e-01 5.106782317161560059e-01
5.177172422409057617e-01 3.892385363578796387e-01
5.304800868034362793e-01 5.036335587501525879e-01
4.849826693534851074e-01 4.350895285606384277e-01
5.345298647880554199e-01 4.919304251670837402e-01
5.145906805992126465e-01 3.980872929096221924e-01
4.781880378723144531e-01 4.370838701725006104e-01
4.745758771896362305e-01 4.378460049629211426e-01
5.714890360832214355e-01 5.185933113098144531e-01
5.634280443191528320e-01 5.042241215705871582e-01
5.418105721473693848e-01 4.928667843341827393e-01
4.844621717929840088e-01 5.874038934707641602e-01
5.634310245513916016e-01 4.950073957443237305e-01
5.283501744270324707e-01 5.264015793800354004e-01
4.571105837821960449e-01 5.443353652954101562e-01
4.503318667411804199e-01 5.794834494590759277e-01
5.906275510787963867e-01 5.519106388092041016e-01
5.708738565444946289e-01 5.150759220123291016e-01
4.577973484992980957e-01 4.606731534004211426e-01
5.445838570594787598e-01 5.210770964622497559e-01
5.232102274894714355e-01 4.813141524791717529e-01
5.854150056838989258e-01 5.218246579170227051e-01
5.743004083633422852e-01 4.915776550769805908e-01
5.092484951019287109e-01 4.158294200897216797e-01
5.466035008430480957e-01 5.110464096069335938e-01
5.430607795715332031e-01 5.073061585426330566e-01
5.574604272842407227e-01 5.581064224243164062e-01
4.637118279933929443e-01 4.787620007991790771e-01
5.137365460395812988e-01 4.332087337970733643e-01
5.346391797065734863e-01 4.942155182361602783e-01
4.814114272594451904e-01 4.623628556728363037e-01
4.864908158779144287e-01 4.830688834190368652e-01
3.908310830593109131e-01 5.394263863563537598e-01
5.208377242088317871e-01 4.871852993965148926e-01
5.360445380210876465e-01 4.829699099063873291e-01
4.915143251419067383e-01 4.272904098033905029e-01
5.095311999320983887e-01 4.853813052177429199e-01
4.583877921104431152e-01 4.936755299568176270e-01
4.938526451587677002e-01 4.451312422752380371e-01
5.369889736175537109e-01 5.071002840995788574e-01
4.579372704029083252e-01 4.700884222984313965e-01
5.287301540374755859e-01 5.235522985458374023e-01
4.724314212799072266e-01 4.538095295429229736e-01
5.244149565696716309e-01 4.397679865360260010e-01
5.385563373565673828e-01 4.985438287258148193e-01
5.177870988845825195e-01 4.980838894844055176e-01
5.074816942214965820e-01 4.419286847114562988e-01
5.406621694564819336e-01 5.068934559822082520e-01
4.788454473018646240e-01 4.959314763545989990e-01
5.242688059806823730e-01 4.339328408241271973e-01
5.400464534759521484e-01 5.064600110054016113e-01
4.888156354427337646e-01 4.386283755302429199e-01
5.388107299804687500e-01 5.128458142280578613e-01
4.807792007923126221e-01 4.560777842998504639e-01
4.949921071529388428e-01 4.490821063518524170e-01
4.722870588302612305e-01 4.544084072113037109e-01
5.430718660354614258e-01 5.049464106559753418e-01
5.283973813056945801e-01 5.420089960098266602e-01
5.061233639717102051e-01 4.450177252292633057e-01
4.711850285530090332e-01 4.698718190193176270e-01
4.918661415576934814e-01 3.870450556278228760e-01
5.560017824172973633e-01 5.381794571876525879e-01
5.276231765747070312e-01 4.715291261672973633e-01
5.089048743247985840e-01 4.747161567211151123e-01
4.537204504013061523e-01 4.742895662784576416e-01
4.977844655513763428e-01 4.626714587211608887e-01
5.354904532432556152e-01 5.392606854438781738e-01
5.594426393508911133e-01 5.135654807090759277e-01
4.886372089385986328e-01 4.366932809352874756e-01
5.100154280662536621e-01 4.490196108818054199e-01
4.148338139057159424e-01 3.380028009414672852e-01
4.597672522068023682e-01 4.423595964908599854e-01
5.592007040977478027e-01 4.813131988048553467e-01
5.304718613624572754e-01 4.281529784202575684e-01
4.636318981647491455e-01 4.163374900817871094e-01
4.711444377899169922e-01 4.552775919437408447e-01
5.332320928573608398e-01 5.324007272720336914e-01
4.937525689601898193e-01 4.089059531688690186e-01
5.085210204124450684e-01 4.976054131984710693e-01
5.052400827407836914e-01 4.869992733001708984e-01
4.360681474208831787e-01 5.407291054725646973e-01
5.339468717575073242e-01 5.061298608779907227e-01
4.684094190597534180e-01 4.443427324295043945e-01
5.236712098121643066e-01 4.657774269580841064e-01
5.441253781318664551e-01 4.989459812641143799e-01
4.654108285903930664e-01 4.312806427478790283e-01
5.252553820610046387e-01 5.214267373085021973e-01
5.352439880371093750e-01 5.117995142936706543e-01
4.648005068302154541e-01 4.795052409172058105e-01
4.934318363666534424e-01 4.296093583106994629e-01
5.135462284088134766e-01 4.694038033485412598e-01
4.909289181232452393e-01 4.428179860115051270e-01
5.133891105651855469e-01 4.791522324085235596e-01
5.150002837181091309e-01 3.864406347274780273e-01
4.705152213573455811e-01 4.865701496601104736e-01
4.534929990768432617e-01 4.374880492687225342e-01
5.032942891120910645e-01 4.560163915157318115e-01
5.227353572845458984e-01 4.872632920742034912e-01
4.845014214515686035e-01 4.490928053855895996e-01
4.784518480300903320e-01 5.287953019142150879e-01
5.638011693954467773e-01 5.345351696014404297e-01
5.204048752784729004e-01 5.414156317710876465e-01
5.015235543251037598e-01 5.053051114082336426e-01
5.136333703994750977e-01 5.134943127632141113e-01
5.200815796852111816e-01 5.317259430885314941e-01
4.610458910465240479e-01 4.705360531806945801e-01
5.241158604621887207e-01 5.041978955268859863e-01
4.289908409118652344e-01 4.553063809871673584e-01
4.928936362266540527e-01 4.298225641250610352e-01
5.074875950813293457e-01 4.953998029232025146e-01
4.821178317070007324e-01 4.096842408180236816e-01
6.023257374763488770e-01 5.517776012420654297e-01
5.250901579856872559e-01 4.860016107559204102e-01
5.201141238212585449e-01 4.757937490940093994e-01
4.892730414867401123e-01 4.188158512115478516e-01
5.129613876342773438e-01 4.186534285545349121e-01
4.465770423412322998e-01 4.688983559608459473e-01
4.839788675308227539e-01 4.050055742263793945e-01
4.792124330997467041e-01 4.684656262397766113e-01
5.347764492034912109e-01 4.951103329658508301e-01
5.384036898612976074e-01 5.172587633132934570e-01
4.816770553588867188e-01 4.719972610473632812e-01
4.779075086116790771e-01 4.522437155246734619e-01
5.195166468620300293e-01 4.974476993083953857e-01
5.261194705963134766e-01 4.835500121116638184e-01
4.836350083351135254e-01 3.729450702667236328e-01
4.677345752716064453e-01 4.304934442043304443e-01
5.261580348014831543e-01 4.792526364326477051e-01
5.141341090202331543e-01 4.844773411750793457e-01
5.550172328948974609e-01 4.768725335597991943e-01
4.577952027320861816e-01 4.750798940658569336e-01
4.613990485668182373e-01 4.336330294609069824e-01
4.149098992347717285e-01 3.971526324748992920e-01
5.413219332695007324e-01 5.019214749336242676e-01
4.893006086349487305e-01 6.239830255508422852e-01
4.983502328395843506e-01 4.491293132305145264e-01
5.176717638969421387e-01 4.427332282066345215e-01
4.956491291522979736e-01 5.218855738639831543e-01
4.721011519432067871e-01 4.712630510330200195e-01
4.576381742954254150e-01 4.929304718971252441e-01
4.634866714477539062e-01 5.048586726188659668e-01
5.403074622154235840e-01 4.859783947467803955e-01
4.769727289676666260e-01 4.594014585018157959e-01
4.931481778621673584e-01 4.715841710567474365e-01
5.349421501159667969e-01 4.954268932342529297e-01
5.506369471549987793e-01 5.169657468795776367e-01
5.925599932670593262e-01 5.099605321884155273e-01
5.659211874008178711e-01 5.269994735717773438e-01
5.229116082191467285e-01 4.981577098369598389e-01
4.551792144775390625e-01 5.610848665237426758e-01
4.825291335582733154e-01 4.903765320777893066e-01
5.118922591209411621e-01 4.768086075782775879e-01
5.132511258125305176e-01 4.793604016304016113e-01
5.124931931495666504e-01 4.729437232017517090e-01
5.175230503082275391e-01 4.712091088294982910e-01
4.767828583717346191e-01 4.594892263412475586e-01
5.505820512771606445e-01 5.482518076896667480e-01
4.700998365879058838e-01 4.504917562007904053e-01
5.320977568626403809e-01 4.808248281478881836e-01
5.084928274154663086e-01 4.794863462448120117e-01
4.773991703987121582e-01 4.588624238967895508e-01
4.538854062557220459e-01 4.575793147087097168e-01
5.164315104484558105e-01 4.784767627716064453e-01
4.770738482475280762e-01 4.488230049610137939e-01
4.805833101272583008e-01 4.323335587978363037e-01
5.504917502403259277e-01 5.324028730392456055e-01
5.345952510833740234e-01 5.245280265808105469e-01
5.291886329650878906e-01 4.844773411750793457e-01
6.106608510017395020e-01 5.445681214332580566e-01
4.705083668231964111e-01 4.473015964031219482e-01
5.466629862785339355e-01 5.143523216247558594e-01
5.255946516990661621e-01 4.773589670658111572e-01
5.344066023826599121e-01 4.933664500713348389e-01
5.238500237464904785e-01 5.250329971313476562e-01
4.892144203186035156e-01 4.617515802383422852e-01
5.344349741935729980e-01 4.913847744464874268e-01
5.203213095664978027e-01 5.186187028884887695e-01
5.834167003631591797e-01 5.676672458648681641e-01
5.218402743339538574e-01 5.159839987754821777e-01
4.749826192855834961e-01 4.302308559417724609e-01
5.006442070007324219e-01 3.823190629482269287e-01
4.727900922298431396e-01 4.217843413352966309e-01
4.407119154930114746e-01 5.593012571334838867e-01
4.623311758041381836e-01 4.767971634864807129e-01
4.818706512451171875e-01 4.438487291336059570e-01
4.748489558696746826e-01 4.430631101131439209e-01
5.550125837326049805e-01 5.181278586387634277e-01
4.975481033325195312e-01 4.909139871597290039e-01
5.207301974296569824e-01 4.868847727775573730e-01
5.580517053604125977e-01 5.054273009300231934e-01
4.995678365230560303e-01 4.868744015693664551e-01
4.545242488384246826e-01 4.698492884635925293e-01
4.848493933677673340e-01 4.967798292636871338e-01
4.833990335464477539e-01 4.119302034378051758e-01
4.927643239498138428e-01 4.555140733718872070e-01
5.155041813850402832e-01 4.765574634075164795e-01
5.297552347183227539e-01 5.118328928947448730e-01
5.455044507980346680e-01 4.972126781940460205e-01
4.822633862495422363e-01 4.348920881748199463e-01
4.686024188995361328e-01 4.425057768821716309e-01
5.479071736335754395e-01 4.133213162422180176e-01
5.077659487724304199e-01 4.220861792564392090e-01
4.628432691097259521e-01 5.833017230033874512e-01
5.471785068511962891e-01 4.926581382751464844e-01
4.493439793586730957e-01 5.463966131210327148e-01
5.309604406356811523e-01 5.260930061340332031e-01
4.505684673786163330e-01 4.221638441085815430e-01
4.212178587913513184e-01 4.890871345996856689e-01
4.635260403156280518e-01 4.717597067356109619e-01
4.822166860103607178e-01 4.530754685401916504e-01
4.734863638877868652e-01 5.044407248497009277e-01
4.734213650226593018e-01 4.754282236099243164e-01
5.366247296333312988e-01 5.514958500862121582e-01
5.122281908988952637e-01 4.706691205501556396e-01
5.019544363021850586e-01 5.087988972663879395e-01
5.425517559051513672e-01 4.927233755588531494e-01
4.149909317493438721e-01 4.339870214462280273e-01
-6.980522722005844116e-02 1.178216636180877686e-01
5.461522340774536133e-01 4.970313608646392822e-01
5.268321633338928223e-01 4.784718453884124756e-01
4.626566469669342041e-01 4.610687792301177979e-01
5.232164859771728516e-01 5.337364077568054199e-01
5.148100852966308594e-01 5.430415272712707520e-01
4.622139334678649902e-01 5.059445500373840332e-01
4.841801822185516357e-01 4.895653724670410156e-01
5.531343221664428711e-01 5.237580537796020508e-01
5.035194158554077148e-01 4.265123903751373291e-01
5.289663672447204590e-01 4.862892627716064453e-01
5.040026903152465820e-01 4.202842712402343750e-01
5.294660329818725586e-01 4.986740946769714355e-01
5.402263998985290527e-01 4.996077120304107666e-01
5.639156699180603027e-01 5.607341527938842773e-01
5.264078378677368164e-01 4.947126507759094238e-01
5.634821057319641113e-01 5.100399851799011230e-01
4.919646084308624268e-01 5.136103630065917969e-01
5.304167270660400391e-01 4.008222222328186035e-01
5.141903758049011230e-01 4.266316890716552734e-01
5.502317547798156738e-01 5.400376319885253906e-01
4.896411001682281494e-01 4.997467696666717529e-01
5.306605100631713867e-01 4.159027338027954102e-01
5.527254343032836914e-01 4.995914399623870850e-01
5.866086483001708984e-01 5.396904945373535156e-01
5.473573207855224609e-01 5.006031990051269531e-01
4.923412203788757324e-01 4.939705133438110352e-01
5.422459244728088379e-01 5.394095182418823242e-01
4.779549539089202881e-01 4.417211115360260010e-01
4.994219243526458740e-01 4.722551405429840088e-01
5.547758340835571289e-01 5.034171938896179199e-01
5.008440017700195312e-01 4.631472826004028320e-01
4.915063679218292236e-01 4.495862126350402832e-01
5.421539545059204102e-01 5.204190611839294434e-01
4.731166362762451172e-01 4.414032697677612305e-01
5.712518095970153809e-01 5.112131834030151367e-01
4.879774153232574463e-01 4.299845099449157715e-01
5.069762468338012695e-01 5.065334439277648926e-01
4.880306124687194824e-01 4.670821130275726318e-01
5.151891112327575684e-01 4.818607866764068604e-01
5.444247126579284668e-01 5.148150920867919922e-01
4.890218973159790039e-01 4.453604817390441895e-01
5.484007000923156738e-01 5.411331653594970703e-01
5.750661492347717285e-01 4.922992289066314697e-01
5.360611677169799805e-01 5.182422399520874023e-01
4.584628045558929443e-01 4.156264066696166992e-01
4.996788501739501953e-01 4.354378581047058105e-01
5.060279965400695801e-01 4.757819473743438721e-01
4.758262634277343750e-01 4.592734873294830322e-01
5.161686539649963379e-01 4.831420779228210449e-01
5.107858777046203613e-01 4.870685040950775146e-01
4.328505396842956543e-01 5.138981342315673828e-01
5.607125759124755859e-01 4.904840290546417236e-01
4.397246241569519043e-01 4.423351585865020752e-01
4.814527332782745361e-01 4.179225862026214600e-01
5.114173889160156250e-01 4.884874224662780762e-01
5.511681437492370605e-01 5.082351565361022949e-01
5.235022902488708496e-01 4.964104294776916504e-01
5.173324942588806152e-01 4.306379258632659912e-01
5.106323957443237305e-01 4.958809018135070801e-01
4.725780785083770752e-01 4.754431545734405518e-01
5.406125783920288086e-01 4.360923469066619873e-01
5.326492190361022949e-01 4.085170626640319824e-01
5.431193113327026367e-01 5.515649914741516113e-01
5.193988084793090820e-01 4.852303266525268555e-01
5.261594653129577637e-01 4.843123853206634521e-01
4.686686396598815918e-01 4.703369140625000000e-01
4.544276893138885498e-01 4.756497442722320557e-01
4.643699526786804199e-01 3.979597985744476318e-01
4.675968289375305176e-01 4.626396596431732178e-01
5.018074512481689453e-01 3.940295279026031494e-01
5.285574793815612793e-01 5.533714890480041504e-01
4.512856900691986084e-01 4.334979355335235596e-01
5.013335347175598145e-01 4.532047510147094727e-01
5.300340652465820312e-01 4.729517996311187744e-01
5.275796055793762207e-01 4.792872071266174316e-01
4.957449734210968018e-01 3.953305780887603760e-01
4.740415513515472412e-01 4.587234854698181152e-01
5.232456326484680176e-01 5.015044808387756348e-01
5.084128975868225098e-01 3.814046084880828857e-01
4.963954985141754150e-01 4.699156284332275391e-01
5.088582634925842285e-01 4.478468894958496094e-01
4.762240648269653320e-01 4.415165483951568604e-01
4.535295963287353516e-01 4.391503036022186279e-01
5.489990115165710449e-01 5.009822249412536621e-01
5.268945097923278809e-01 5.030602216720581055e-01
4.816329777240753174e-01 4.373939037322998047e-01
5.136671066284179688e-01 4.182665646076202393e-01
4.667467772960662842e-01 4.910058677196502686e-01
5.082429051399230957e-01 4.661545455455780029e-01
5.056241750717163086e-01 4.732273817062377930e-01
4.433737397193908691e-01 5.500599741935729980e-01
5.238032937049865723e-01 4.811802804470062256e-01
5.289158225059509277e-01 5.211670398712158203e-01
4.885064363479614258e-01 4.994711577892303467e-01
4.907224476337432861e-01 4.389577805995941162e-01
5.407671332359313965e-01 5.485231876373291016e-01
5.221028923988342285e-01 4.261346757411956787e-01
5.266920924186706543e-01 4.929102659225463867e-01
4.735562205314636230e-01 4.542103707790374756e-01
5.259859561920166016e-01 4.988662600517272949e-01
5.186650753021240234e-01 4.456699192523956299e-01
4.412877857685089111e-01 5.013794302940368652e-01
5.041111707687377930e-01 4.687635004520416260e-01
5.579825043678283691e-01 5.301001667976379395e-01
4.845269322395324707e-01 4.101657271385192871e-01
5.104163885116577148e-01 4.774422943592071533e-01
5.169920921325683594e-01 5.356779098510742188e-01
4.623782634735107422e-01 3.892692327499389648e-01
5.459672808647155762e-01 5.053373575210571289e-01
4.952869713306427002e-01 4.221489131450653076e-01
5.096827745437622070e-01 4.716337621212005615e-01
5.223972797393798828e-01 4.672511518001556396e-01
5.396276712417602539e-01 5.033550858497619629e-01
5.287181138992309570e-01 4.830177128314971924e-01
5.379223227500915527e-01 4.961213469505310059e-01
5.100426673889160156e-01 4.679903090000152588e-01
4.924594759941101074e-01 4.456202089786529541e-01
5.314834713935852051e-01 5.235991477966308594e-01
5.033177733421325684e-01 4.687863886356353760e-01
5.753399133682250977e-01 5.655385255813598633e-01
4.764141738414764404e-01 4.351320266723632812e-01
4.989192485809326172e-01 4.723314940929412842e-01
5.215269923210144043e-01 5.933945775032043457e-01
4.510423541069030762e-01 4.186961650848388672e-01
5.367900729179382324e-01 5.041006207466125488e-01
4.477349221706390381e-01 4.764654636383056641e-01
5.595143437385559082e-01 3.960409462451934814e-01
5.231461524963378906e-01 4.944819808006286621e-01
4.884722530841827393e-01 4.468526244163513184e-01
5.706228613853454590e-01 5.037492513656616211e-01
4.832971692085266113e-01 4.864196479320526123e-01
5.550253391265869141e-01 4.897491037845611572e-01
4.632573127746582031e-01 4.666321575641632080e-01
5.068967938423156738e-01 4.728535413742065430e-01
5.004070401191711426e-01 4.667478799819946289e-01
4.724600911140441895e-01 4.538137614727020264e-01
5.362984538078308105e-01 4.933125078678131104e-01
5.158674120903015137e-01 4.807040691375732422e-01
5.017433762550354004e-01 4.917283952236175537e-01
4.894170463085174561e-01 4.567470848560333252e-01
4.561512172222137451e-01 5.356002449989318848e-01
5.042777061462402344e-01 4.904189109802246094e-01
5.411011576652526855e-01 4.898041486740112305e-01
5.162180066108703613e-01 4.668737053871154785e-01
4.932701289653778076e-01 4.179685711860656738e-01
5.229348540306091309e-01 4.018178284168243408e-01
5.441718697547912598e-01 5.169240832328796387e-01
4.915417730808258057e-01 4.532442688941955566e-01
4.428637325763702393e-01 4.741895198822021484e-01
5.023620128631591797e-01 4.975330531597137451e-01
4.935695827007293701e-01 3.928511738777160645e-01
5.309911370277404785e-01 4.671916663646697998e-01
5.169377923011779785e-01 4.662680625915527344e-01
5.470101833343505859e-01 5.302139520645141602e-01
4.736609458923339844e-01 4.355775117874145508e-01
4.498844444751739502e-01 5.288481116294860840e-01
4.844147264957427979e-01 5.067483186721801758e-01
4.674443900585174561e-01 5.305944681167602539e-01
5.006734728813171387e-01 4.694465398788452148e-01
5.276196599006652832e-01 4.896981716156005859e-01
5.362557172775268555e-01 5.122526288032531738e-01
4.777971208095550537e-01 4.539319872856140137e-01
5.021985173225402832e-01 4.639118313789367676e-01
5.379502177238464355e-01 4.687071740627288818e-01
4.580376744270324707e-01 5.020439028739929199e-01
5.340618491172790527e-01 4.707294404506683350e-01
5.300701856613159180e-01 5.211453437805175781e-01
4.788202941417694092e-01 4.526056349277496338e-01
6.052295565605163574e-01 5.021757483482360840e-01
5.435255765914916992e-01 5.053402781486511230e-01
4.947543144226074219e-01 4.515685141086578369e-01
5.025463104248046875e-01 4.860674738883972168e-01
4.949628412723541260e-01 4.322893619537353516e-01
5.093151926994323730e-01 4.732369184494018555e-01
5.246744155883789062e-01 5.079910159111022949e-01
4.947803318500518799e-01 4.823645353317260742e-01
5.746203064918518066e-01 5.159808397293090820e-01
5.031617283821105957e-01 4.777792990207672119e-01
5.363480448722839355e-01 4.823059141635894775e-01
5.125741958618164062e-01 4.761903584003448486e-01
4.830526411533355713e-01 4.552207589149475098e-01
4.771896898746490479e-01 4.634304642677307129e-01
5.387612581253051758e-01 5.064980387687683105e-01
5.369396209716796875e-01 5.026670694351196289e-01
5.519199371337890625e-01 5.346204042434692383e-01
5.164895653724670410e-01 4.206905066967010498e-01
5.197472572326660156e-01 4.831922948360443115e-01
5.922763347625732422e-01 5.327776670455932617e-01
5.043687224388122559e-01 4.758221507072448730e-01
4.820266962051391602e-01 4.542145729064941406e-01
4.545506238937377930e-01 4.909802079200744629e-01
4.676848351955413818e-01 4.074527323246002197e-01
5.544991493225097656e-01 5.135829448699951172e-01
5.213162899017333984e-01 4.955790638923645020e-01
5.852810144424438477e-01 5.294197797775268555e-01
4.854198396205902100e-01 4.919937551021575928e-01
4.284521639347076416e-01 4.208272695541381836e-01
5.350329279899597168e-01 5.030134916305541992e-01
5.337443947792053223e-01 5.139843225479125977e-01
5.499325990676879883e-01 4.189397394657135010e-01
5.241461992263793945e-01 4.880222082138061523e-01
4.795827865600585938e-01 4.358484148979187012e-01
5.335943698883056641e-01 4.928343892097473145e-01
5.036531686782836914e-01 4.691261649131774902e-01
5.174100995063781738e-01 4.421829879283905029e-01
5.351705551147460938e-01 4.909524023532867432e-01
4.845387339591979980e-01 4.453523159027099609e-01
5.072081685066223145e-01 4.844762682914733887e-01
5.514916777610778809e-01 5.399696230888366699e-01
5.198872685432434082e-01 5.025687217712402344e-01
3.482269346714019775e-01 3.396766185760498047e-01
4.886858463287353516e-01 4.563015997409820557e-01
5.467006564140319824e-01 4.277445673942565918e-01
5.291180610656738281e-01 4.976339638233184814e-01
4.727972149848937988e-01 4.399736225605010986e-01
4.918675720691680908e-01 4.664722681045532227e-01
5.109250545501708984e-01 4.753839075565338135e-01
4.876570105552673340e-01 4.597620666027069092e-01
4.117782711982727051e-01 3.752868771553039551e-01
5.461875200271606445e-01 5.182507634162902832e-01
5.261549949645996094e-01 5.011740922927856445e-01
4.861692190170288086e-01 4.520876705646514893e-01
5.256112813949584961e-01 5.075402259826660156e-01
5.358735322952270508e-01 5.017020702362060547e-01
4.888328611850738525e-01 4.634557366371154785e-01
5.066530108451843262e-01 4.335499703884124756e-01
5.049295425415039062e-01 4.215874969959259033e-01
5.348215103149414062e-01 4.355529546737670898e-01
4.775448739528656006e-01 4.576721489429473877e-01
4.819287955760955811e-01 4.602489769458770752e-01
5.286750197410583496e-01 5.067641139030456543e-01
5.250273346900939941e-01 4.902046024799346924e-01
5.409474968910217285e-01 5.283176302909851074e-01
5.260254740715026855e-01 4.972137510776519775e-01
5.261880159378051758e-01 5.075955986976623535e-01
5.606083273887634277e-01 5.071787834167480469e-01
5.340338349342346191e-01 4.980953335762023926e-01
4.696360528469085693e-01 3.902561664581298828e-01
4.735774099826812744e-01 4.392935931682586670e-01
5.421852469444274902e-01 5.123560428619384766e-01
5.294995307922363281e-01 4.047624766826629639e-01
5.200229287147521973e-01 4.781390428543090820e-01
4.799815416336059570e-01 5.459092259407043457e-01
5.307733416557312012e-01 5.032653808593750000e-01
5.414440631866455078e-01 4.987251460552215576e-01
5.591480135917663574e-01 5.053055882453918457e-01
4.931450486183166504e-01 4.579490721225738525e-01
4.517757296562194824e-01 4.465239346027374268e-01
5.215474963188171387e-01 4.792785346508026123e-01
4.417059421539306641e-01 3.501842916011810303e-01
5.232713818550109863e-01 4.333626329898834229e-01
5.257983803749084473e-01 5.232867002487182617e-01
5.191324949264526367e-01 5.187187790870666504e-01
5.044715404510498047e-01 4.406873583793640137e-01
4.989507794380187988e-01 4.430905580520629883e-01
4.912814497947692871e-01 4.403133988380432129e-01
5.239020586013793945e-01 4.414526224136352539e-01
5.152707099914550781e-01 4.955511391162872314e-01
4.723133146762847900e-01 4.600016772747039795e-01
4.888794422149658203e-01 4.608430266380310059e-01
5.034191012382507324e-01 4.355246722698211670e-01
5.623283982276916504e-01 5.177211165428161621e-01
4.870266020298004150e-01 4.271264374256134033e-01
5.192407369613647461e-01 4.758133888244628906e-01
5.308929085731506348e-01 5.368381142616271973e-01
5.262195467948913574e-01 5.037941932678222656e-01
5.070010423660278320e-01 4.884698390960693359e-01
4.841357469558715820e-01 4.598481655120849609e-01
4.913357496261596680e-01 4.613416194915771484e-01
4.825309216976165771e-01 4.521848559379577637e-01
5.803037285804748535e-01 5.806323885917663574e-01
5.418635010719299316e-01 5.309580564498901367e-01
4.361377358436584473e-01 4.977450966835021973e-01
5.476225614547729492e-01 4.824697673320770264e-01
5.516721606254577637e-01 4.996133446693420410e-01
5.490664243698120117e-01 4.994543194770812988e-01
5.483366847038269043e-01 5.234891772270202637e-01
5.382220149040222168e-01 4.823363721370697021e-01
5.439236164093017578e-01 4.903170466423034668e-01
4.771157503128051758e-01 3.689689636230468750e-01
4.597839713096618652e-01 5.201773047447204590e-01
4.790119528770446777e-01 4.088274538516998291e-01
4.469393193721771240e-01 5.440202951431274414e-01
5.389488339424133301e-01 4.896585643291473389e-01
5.486146807670593262e-01 5.499966144561767578e-01
4.771129786968231201e-01 4.610216915607452393e-01
5.196240544319152832e-01 4.923875927925109863e-01
4.923172891139984131e-01 4.732543528079986572e-01
4.929321706295013428e-01 4.791539013385772705e-01
5.066526532173156738e-01 4.760116636753082275e-01
5.277218818664550781e-01 4.158289134502410889e-01
5.391694307327270508e-01 5.049580931663513184e-01
5.646444559097290039e-01 5.039733052253723145e-01
4.176310896873474121e-01 5.082338452339172363e-01
5.058724284172058105e-01 5.000433325767517090e-01
5.185444355010986328e-01 4.834781289100646973e-01
4.571527242660522461e-01 4.183599948883056641e-01
5.382936000823974609e-01 5.471062660217285156e-01
5.489996075630187988e-01 5.064790248870849609e-01
4.706698358058929443e-01 4.102715551853179932e-01
5.223830938339233398e-01 4.755194783210754395e-01
5.057826042175292969e-01 4.564048051834106445e-01
4.760169684886932373e-01 4.376589059829711914e-01
4.605581462383270264e-01 4.514798820018768311e-01
4.482726454734802246e-01 4.690155088901519775e-01
5.384087562561035156e-01 4.987685084342956543e-01
4.727109968662261963e-01 4.428708255290985107e-01
5.317769050598144531e-01 4.887373745441436768e-01
5.439346432685852051e-01 4.014717936515808105e-01
5.289936065673828125e-01 4.933542907238006592e-01
4.570026993751525879e-01 4.302588999271392822e-01
5.045697093009948730e-01 4.021252095699310303e-01
4.836135804653167725e-01 4.665028452873229980e-01
5.148538947105407715e-01 4.749992191791534424e-01
5.212814211845397949e-01 4.878608584403991699e-01
5.425883531570434570e-01 5.496734976768493652e-01
4.587832093238830566e-01 4.847195744514465332e-01
4.722362458705902100e-01 4.236719906330108643e-01
5.361239910125732422e-01 5.002808570861816406e-01
5.284518003463745117e-01 5.104228854179382324e-01
5.402850508689880371e-01 4.946640133857727051e-01
4.942096173763275146e-01 4.474996626377105713e-01
5.308422446250915527e-01 4.769771695137023926e-01
5.104804039001464844e-01 5.126304030418395996e-01
5.472205281257629395e-01 5.162450075149536133e-01
4.582362174987792969e-01 5.352698564529418945e-01
4.666053056716918945e-01 4.208562970161437988e-01
4.832800626754760742e-01 4.577670097351074219e-01
5.038630366325378418e-01 4.628717899322509766e-01
5.432302951812744141e-01 4.784550964832305908e-01
5.287503600120544434e-01 4.982399344444274902e-01
4.628165364265441895e-01 4.404950737953186035e-01
5.563539266586303711e-01 5.432611703872680664e-01
5.635398626327514648e-01 4.951654970645904541e-01
5.612449049949645996e-01 5.255602002143859863e-01
5.208908319473266602e-01 4.837952554225921631e-01
4.890152812004089355e-01 3.829835355281829834e-01
5.226318240165710449e-01 5.024372339248657227e-01
5.147618055343627930e-01 5.582007765769958496e-01
4.821979105472564697e-01 4.158973097801208496e-01
5.661631822586059570e-01 5.148894190788269043e-01
4.831591844558715820e-01 4.847545027732849121e-01
4.779927730560302734e-01 4.195880889892578125e-01
5.152861475944519043e-01 4.802953302860260010e-01
4.811321198940277100e-01 4.410600066184997559e-01
4.804491996765136719e-01 4.587462246417999268e-01
5.090596675872802734e-01 4.758341908454895020e-01
4.916828870773315430e-01 4.556296467781066895e-01
4.900764822959899902e-01 4.648213386535644531e-01
5.262520313262939453e-01 3.922174870967864990e-01
5.736100077629089355e-01 5.806513428688049316e-01
5.787641406059265137e-01 5.501796603202819824e-01
5.382535457611083984e-01 5.018811225891113281e-01
5.274688005447387695e-01 4.921081364154815674e-01
5.520069599151611328e-01 5.092100501060485840e-01
5.214685201644897461e-01 4.887436330318450928e-01
4.843597114086151123e-01 4.918325245380401611e-01
5.352761149406433105e-01 4.913970530033111572e-01
5.118026733398437500e-01 4.510006904602050781e-01
5.356303453445434570e-01 4.951780140399932861e-01
5.287785530090332031e-01 4.907774627208709717e-01
5.561793446540832520e-01 5.138410925865173340e-01
4.597592949867248535e-01 4.778934419155120850e-01
4.924736618995666504e-01 4.441062808036804199e-01
4.907850325107574463e-01 4.450140893459320068e-01
5.072031021118164062e-01 4.880386888980865479e-01
4.892388582229614258e-01 4.817831218242645264e-01
4.624919295310974121e-01 4.457359015941619873e-01
5.177745819091796875e-01 5.324828028678894043e-01
5.379338860511779785e-01 4.967993497848510742e-01
5.126300454139709473e-01 4.000585079193115234e-01
5.655317902565002441e-01 5.011229515075683594e-01
5.097135901451110840e-01 4.623051881790161133e-01
4.986116290092468262e-01 4.270781576633453369e-01
4.757454693317413330e-01 4.641019403934478760e-01
5.276417136192321777e-01 4.540114402770996094e-01
5.320139527320861816e-01 4.760441780090332031e-01
5.066388845443725586e-01 4.718055725097656250e-01
5.366466641426086426e-01 4.897420108318328857e-01
4.401530027389526367e-01 5.338264703750610352e-01
5.502846240997314453e-01 5.064425468444824219e-01
4.878553152084350586e-01 4.384509027004241943e-01
4.501368105411529541e-01 4.649164378643035889e-01
4.686612784862518311e-01 4.642578661441802979e-01
4.809910058975219727e-01 4.578952491283416748e-01
5.038499236106872559e-01 3.989622592926025391e-01
4.735423624515533447e-01 4.383752942085266113e-01
4.651919305324554443e-01 4.818418622016906738e-01
5.712611079216003418e-01 5.189959406852722168e-01
5.216635465621948242e-01 4.920361340045928955e-01
4.680396616458892822e-01 4.586706161499023438e-01
5.053590536117553711e-01 4.353547692298889160e-01
5.382609963417053223e-01 5.025351643562316895e-01
5.642395019531250000e-01 4.477342069149017334e-01
4.683665633201599121e-01 4.628770947456359863e-01
5.351485013961791992e-01 5.048195123672485352e-01
5.417096614837646484e-01 4.633165597915649414e-01
4.546231031417846680e-01 4.321973621845245361e-01
5.137577652931213379e-01 5.508677363395690918e-01
5.356996059417724609e-01 5.008394122123718262e-01
4.781026840209960938e-01 4.409272074699401855e-01
4.709970653057098389e-01 4.558350443840026855e-01
5.310921669006347656e-01 5.393945574760437012e-01
4.782251417636871338e-01 4.624424278736114502e-01
4.517714977264404297e-01 5.361784100532531738e-01
-4.478865116834640503e-02 6.720337867736816406e-01
5.451506972312927246e-01 4.773652255535125732e-01
5.707477927207946777e-01 5.360538959503173828e-01
5.818001627922058105e-01 5.347259044647216797e-01
5.199278593063354492e-01 4.550743699073791504e-01
4.745450615882873535e-01 4.653832316398620605e-01
4.653860032558441162e-01 4.158516824245452881e-01
5.526821017265319824e-01 4.787227511405944824e-01
5.447996258735656738e-01 5.111853480339050293e-01
5.343709588050842285e-01 5.029001832008361816e-01
5.468771457672119141e-01 5.497419834136962891e-01
4.539930224418640137e-01 4.444692730903625488e-01
4.502566158771514893e-01 5.196453928947448730e-01
5.424655079841613770e-01 4.830584228038787842e-01
4.881440401077270508e-01 4.446293115615844727e-01
5.337454676628112793e-01 5.102964639663696289e-01
5.924865007400512695e-01 5.145993828773498535e-01
5.789732933044433594e-01 5.398865342140197754e-01
4.611281454563140869e-01 4.666043519973754883e-01
4.854392111301422119e-01 4.672414064407348633e-01
5.212098956108093262e-01 5.246978998184204102e-01
5.623621940612792969e-01 5.092918276786804199e-01
4.797229170799255371e-01 4.500172734260559082e-01
4.798715114593505859e-01 4.417937397956848145e-01
5.432792305946350098e-01 5.106965303421020508e-01
4.892642498016357422e-01 4.652507901191711426e-01
5.397492647171020508e-01 4.830375909805297852e-01
4.820936322212219238e-01 4.129827618598937988e-01
5.349082946777343750e-01 5.107547044754028320e-01
5.361504554748535156e-01 4.787250459194183350e-01
5.168643593788146973e-01 4.988624155521392822e-01
5.108172893524169922e-01 4.905521869659423828e-01
5.093893408775329590e-01 4.747087061405181885e-01
5.425548553466796875e-01 5.004240274429321289e-01
4.979832470417022705e-01 3.742897212505340576e-01
5.215397477149963379e-01 5.163013339042663574e-01
4.854956865310668945e-01 4.224813580513000488e-01
5.559591650962829590e-01 5.277086496353149414e-01
4.902538359165191650e-01 4.778157770633697510e-01
5.162661671638488770e-01 4.880984127521514893e-01
5.177365541458129883e-01 4.757154881954193115e-01
5.601322650909423828e-01 5.601255297660827637e-01
5.397461652755737305e-01 5.448359847068786621e-01
5.307182073593139648e-01 4.861449003219604492e-01
4.491368830204010010e-01 5.340350270271301270e-01
4.530270397663116455e-01 4.702922403812408447e-01
5.275114178657531738e-01 4.931712746620178223e-01
4.855689108371734619e-01 4.622485935688018799e-01
5.489960908889770508e-01 4.977727830410003662e-01
5.352575778961181641e-01 4.699745178222656250e-01
4.968896508216857910e-01 4.257175028324127197e-01
4.764322340488433838e-01 4.432962238788604736e-01
5.410506725311279297e-01 4.648554027080535889e-01
5.051162838935852051e-01 4.621100127696990967e-01
5.161005258560180664e-01 5.560493469238281250e-01
4.809033572673797607e-01 4.290058910846710205e-01
5.237832069396972656e-01 5.102386474609375000e-01
5.490815639495849609e-01 4.748099446296691895e-01
5.165055394172668457e-01 4.658472836017608643e-01
5.493038296699523926e-01 4.476198256015777588e-01
5.435315966606140137e-01 4.851244986057281494e-01
5.186616778373718262e-01 4.696274995803833008e-01
5.592020750045776367e-01 5.037764906883239746e-01
4.941501319408416748e-01 4.189325273036956787e-01
5.231240391731262207e-01 4.915848672389984131e-01
5.650745034217834473e-01 4.979548156261444092e-01
4.445813894271850586e-01 3.685816228389739990e-01
5.412136912345886230e-01 5.053973197937011719e-01
4.375080466270446777e-01 4.755243062973022461e-01
5.342881083488464355e-01 4.185264110565185547e-01
5.135469436645507812e-01 4.760827124118804932e-01
4.404626786708831787e-01 3.576262891292572021e-01
5.510604977607727051e-01 5.044189095497131348e-01
5.281350016593933105e-01 5.156640410423278809e-01
5.379331707954406738e-01 4.926648736000061035e-01
5.058412551879882812e-01 4.369980096817016602e-01
5.306182503700256348e-01 4.735830724239349365e-01
5.672395825386047363e-01 5.001767277717590332e-01
4.811508953571319580e-01 4.328701794147491455e-01
4.900593757629394531e-01 4.048286974430084229e-01
5.530512332916259766e-01 5.781537294387817383e-01
5.099234580993652344e-01 5.093128681182861328e-01
4.648039937019348145e-01 5.194700956344604492e-01
4.781350791454315186e-01 4.232328832149505615e-01
5.668414235115051270e-01 5.772188901901245117e-01
4.671669900417327881e-01 4.756940603256225586e-01
5.100917816162109375e-01 4.175462126731872559e-01
5.416448712348937988e-01 5.142011642456054688e-01
4.799408614635467529e-01 4.620696902275085449e-01
5.330535173416137695e-01 4.744170904159545898e-01
5.422619581222534180e-01 4.810285568237304688e-01
5.634989142417907715e-01 5.237216949462890625e-01
5.051107406616210938e-01 4.619692564010620117e-01
5.418744683265686035e-01 5.159803628921508789e-01
5.218006968498229980e-01 4.220292270183563232e-01
4.469837546348571777e-01 4.720499813556671143e-01
5.854301452636718750e-01 5.184673666954040527e-01
5.320442914962768555e-01 5.366522073745727539e-01
5.036092400550842285e-01 4.574046134948730469e-01
5.273933410644531250e-01 4.895130097866058350e-01
5.344028472900390625e-01 4.813172817230224609e-01
5.156694650650024414e-01 4.850835502147674561e-01
5.318713188171386719e-01 4.908571541309356689e-01
5.719089508056640625e-01 5.151411890983581543e-01
4.755478799343109131e-01 4.162304699420928955e-01
4.743922650814056396e-01 4.635708332061767578e-01
5.054194927215576172e-01 4.706639349460601807e-01
5.237029194831848145e-01 5.178053975105285645e-01
5.075965523719787598e-01 5.457584857940673828e-01
4.816935360431671143e-01 2.517240047454833984e-01
4.767727255821228027e-01 4.678193330764770508e-01
5.592145919799804688e-01 5.267749428749084473e-01
5.363106131553649902e-01 5.612913966178894043e-01
5.161244869232177734e-01 4.665339291095733643e-01
5.172955989837646484e-01 4.812728464603424072e-01
5.418584942817687988e-01 5.547868013381958008e-01
5.051572322845458984e-01 4.426545798778533936e-01
4.824673533439636230e-01 4.731101095676422119e-01
5.143267512321472168e-01 4.760073423385620117e-01
5.011318325996398926e-01 4.409763216972351074e-01
5.261006951332092285e-01 4.447181522846221924e-01
5.010221600532531738e-01 4.960735440254211426e-01
4.896990358829498291e-01 4.332176446914672852e-01
4.837705790996551514e-01 4.008140265941619873e-01
5.322800874710083008e-01 4.762026369571685791e-01
4.922083020210266113e-01 4.041449427604675293e-01
5.597376227378845215e-01 5.606119632720947266e-01
5.183945298194885254e-01 4.884189069271087646e-01
5.166529417037963867e-01 5.135576725006103516e-01
5.429094433784484863e-01 5.292437672615051270e-01
5.873095393180847168e-01 5.334849357604980469e-01
5.047547221183776855e-01 4.270732104778289795e-01
5.665483474731445312e-01 5.187160968780517578e-01
4.653279781341552734e-01 4.308755993843078613e-01
4.942249059677124023e-01 4.098176360130310059e-01
5.669780373573303223e-01 5.262265205383300781e-01
5.073917508125305176e-01 4.232509434223175049e-01
5.009506344795227051e-01 4.049210548400878906e-01
5.659927129745483398e-01 5.429342389106750488e-01
5.231625437736511230e-01 3.752990663051605225e-01
5.232800841331481934e-01 5.061116814613342285e-01
5.504488945007324219e-01 5.620827674865722656e-01
5.829344987869262695e-01 5.122086405754089355e-01
5.459836721420288086e-01 5.166438817977905273e-01
5.593184828758239746e-01 5.416936278343200684e-01
5.195972323417663574e-01 5.007122755050659180e-01
5.426667332649230957e-01 4.675325155258178711e-01
4.281805455684661865e-01 4.163547158241271973e-01
5.364666581153869629e-01 5.170367360115051270e-01
5.599172115325927734e-01 5.022705197334289551e-01
5.342353582382202148e-01 5.329294800758361816e-01
4.716651737689971924e-01 4.100810885429382324e-01
4.690469503402709961e-01 4.360179603099822998e-01
5.308552384376525879e-01 5.006777048110961914e-01
4.427917301654815674e-01 5.252220034599304199e-01
4.695320427417755127e-01 4.586327075958251953e-01
5.588516592979431152e-01 5.069569945335388184e-01
4.605236053466796875e-01 4.267133176326751709e-01
4.595653414726257324e-01 4.817199110984802246e-01
5.553933978080749512e-01 4.269255995750427246e-01
5.161149501800537109e-01 3.925866484642028809e-01
